# k     P0     P2     P4
# Pshot=7493.935760049015
# wnorm=3.84608661632894
# alpha1=0.027598704461936772
# alpha2=0.027598704461936772
7.489519112848944636e-03 1.875466435296628333e+04 1.096408442405263850e+04 -7.951885024860995145e+03
1.606577831472441945e-02 3.031180200851260815e+04 7.757929387901350310e+03 -2.025788363134797692e+04
2.566305929284757106e-02 2.527707686349448340e+04 2.166884892688307809e+04 -9.158075572999003271e+03
3.547406197596935512e-02 2.279373871302893531e+04 5.284379335423271186e+03 5.933813734986743839e+03
4.536407469901294898e-02 1.687450679851938912e+04 4.181605035183714790e+03 6.768359862928501570e+03
5.529813676913136744e-02 1.195052571710750271e+04 3.029442685400336813e+03 8.575358720384829212e+02
6.525906970170659849e-02 1.013345295440003792e+04 4.894934441487711410e+03 1.496533148507719034e+03
7.522583763018902969e-02 9.350672362168506879e+03 4.216196534497234097e+03 9.876617006613159901e+02
8.520013409482891931e-02 7.356495445088415181e+03 3.783144416136865857e+03 1.468655259717239915e+03
9.517892595161091263e-02 6.580571342743234709e+03 3.771262085366543943e+03 9.572202611004405526e+02
1.051667122353221601e-01 6.268420993469008863e+03 4.517642992533979850e+03 3.810489705525299087e+02
1.151525497149269439e-01 5.663644549949220163e+03 2.576768158433575536e+03 -7.551306946841854142e+02
1.251382427907365980e-01 4.705402952050424574e+03 2.622168408507970526e+03 -3.012357424864034670e+02
1.351288343039192263e-01 4.224621053822098474e+03 1.355151167372752525e+03 -2.196931768048480080e+02
1.451149978574308719e-01 3.661910780948355296e+03 2.118154834301948540e+03 4.202975091254655808e+02
1.551096551384904543e-01 3.313829603857291659e+03 2.465815901419142392e+03 4.183163064774445274e+02
1.651060891713693746e-01 3.052475080794493806e+03 2.201478071754951998e+03 -2.978087435902335187e+02
1.750993520362851830e-01 2.793377069187573852e+03 1.478954794925393571e+03 -5.938524158596209190e+02
1.850917299221883916e-01 2.618090497833765767e+03 8.127954717306680550e+02 -4.472825785449188629e+02
1.950858372611846692e-01 2.599321997353600182e+03 8.474843393731663355e+02 2.089674347576597668e+01
2.050847103204250510e-01 2.230693758976934532e+03 7.493841130769149004e+02 1.080318040189339399e+02
2.150791300603934197e-01 1.946407618428157775e+03 9.406732171932364963e+02 2.343332386027156815e+02
2.250737298340816095e-01 1.923859601078416063e+03 8.590730802584570256e+02 3.227606712183933269e+02
2.350712478192589217e-01 1.695327258423839567e+03 8.288390155934257564e+02 1.890031935682104347e+02
2.450684092287566673e-01 1.556995443293962126e+03 1.516665008024055794e+02 -1.367232353038794486e+02
2.550643278764182509e-01 1.482153761250771140e+03 2.866773266340666169e+02 -1.883327460542306255e+02
2.650619011823741600e-01 1.383695059567053704e+03 5.705648055481008214e+02 2.049837299798267765e+01
2.750591448975686082e-01 1.239692040998917037e+03 2.351552434892956001e+02 -2.455099969692579407e+02
2.850551117562012404e-01 1.257359396178351062e+03 3.783160668502938506e+02 -1.383965248274523105e+02
2.950567117222426261e-01 1.151274306431271043e+03 5.577234046665369078e+02 9.198608090991547215e+01
