# k     Q0     Q2
# Pshot=0.0
# wnorm=0.6764330188251217
# alpha1=0.020434728335044065
# alpha2=0.027602095542415963
7.489519112848944636e-03 1.392997912297897346e+04 3.498897085383599187e+04
1.606577831472441945e-02 5.679696035988117364e+04 5.435616172921996622e+03
2.566305929284757106e-02 6.042405889128077251e+04 3.822468223223226960e+04
3.547406197596935512e-02 4.977921419195742783e+04 2.389394268102282513e+04
4.536407469901294898e-02 2.783216795254487442e+04 1.172480862678693120e+04
5.529813676913136744e-02 1.921003429771467563e+04 -2.188944170855142147e+03
6.525906970170659849e-02 2.253883252894851466e+04 1.132205265798944674e+04
7.522583763018902969e-02 1.938180149689851169e+04 6.945004080845503267e+03
8.520013409482891931e-02 1.482195333347453015e+04 8.826770386417520058e+03
9.517892595161091263e-02 1.319904612521464333e+04 1.112671674839800107e+04
1.051667122353221601e-01 1.172923999664868097e+04 9.463487715237959492e+03
1.151525497149269439e-01 1.020424551034027718e+04 5.744884998751720559e+03
1.251382427907365980e-01 8.764465182696279953e+03 3.632450395448510790e+03
1.351288343039192263e-01 8.995243018303168355e+03 4.072607965396595318e+03
1.451149978574308719e-01 7.071572954735964231e+03 1.764356480174087892e+03
1.551096551384904543e-01 6.926826862186096150e+03 2.478668282897160225e+03
1.651060891713693746e-01 5.516112476254363173e+03 1.277390151018946199e+03
1.750993520362851830e-01 5.480878905724783181e+03 2.109660281603786643e+03
1.850917299221883916e-01 4.221305978120013606e+03 2.092822836701812321e+03
1.950858372611846692e-01 4.223814946135336868e+03 2.983667928623614898e+03
2.050847103204250510e-01 3.836032137636322204e+03 1.160120423936660472e+03
2.150791300603934197e-01 3.644811071783799889e+03 1.316761199242581597e+03
2.250737298340816095e-01 3.322159955322886617e+03 1.828681128161142851e+03
2.350712478192589217e-01 2.825184418292232749e+03 1.711920821556786677e+03
2.450684092287566673e-01 2.515371842079633097e+03 1.117035629768796525e+03
2.550643278764182509e-01 2.692976927161003005e+03 1.256088081134014374e+03
2.650619011823741600e-01 2.450707491076625956e+03 9.861058339839605651e+02
2.750591448975686082e-01 1.878336198145868138e+03 2.812999965932298210e+02
2.850551117562012404e-01 1.720830440706121635e+03 4.558910165386835729e+02
2.950567117222426261e-01 1.844498358966293154e+03 4.365204686573522963e+01
