# k     Q0     Q2
# Pshot=7493.935760049015
# wnorm=3.84608661632894
# alpha1=0.027598704461936772
# alpha2=0.027598704461936772
7.489519112848944636e-03 2.314029812258728634e+04 5.073799220451892324e+03
1.606577831472441945e-02 3.341497376367321704e+04 -7.247910339023081178e+03
2.566305929284757106e-02 3.394461643424768408e+04 1.488508924318010941e+04
3.547406197596935512e-02 2.490749044719823723e+04 9.679796916894942115e+03
4.536407469901294898e-02 1.854714881259290996e+04 9.195204933649274608e+03
5.529813676913136744e-02 1.316230279126764617e+04 3.664654442465872307e+03
6.525906970170659849e-02 1.209142673099510648e+04 6.003477514456384597e+03
7.522583763018902969e-02 1.103715097596737360e+04 4.947797794246348531e+03
8.520013409482891931e-02 8.869753211543156795e+03 4.871037201112608273e+03
9.517892595161091263e-02 8.089076176889856470e+03 4.480314130626131373e+03
1.051667122353221601e-01 8.075478190482606806e+03 4.799901489239548937e+03
1.151525497149269439e-01 6.694351813322636190e+03 2.017412088297150376e+03
1.251382427907365980e-01 5.754270315453614785e+03 2.399030821481009298e+03
1.351288343039192263e-01 4.766681520771195210e+03 1.192415480850635504e+03
1.451149978574308719e-01 4.509172714669147354e+03 2.429486322543036295e+03
1.551096551384904543e-01 4.300155964424953709e+03 2.775679832143179738e+03
1.651060891713693746e-01 3.933066309496479334e+03 1.980879002428853937e+03
1.750993520362851830e-01 3.384958987157729553e+03 1.039064116510860231e+03
1.850917299221883916e-01 2.943208686526033489e+03 4.814750431788785932e+02
1.950858372611846692e-01 2.938315733102873310e+03 8.629634086144757248e+02
2.050847103204250510e-01 2.530447404207702675e+03 8.294076716094585890e+02
2.150791300603934197e-01 2.322676905305451328e+03 1.114253393935987333e+03
2.250737298340816095e-01 2.267488833181804694e+03 1.098155058938748425e+03
2.350712478192589217e-01 2.026862864661207141e+03 9.688413811995079641e+02
2.450684092287566673e-01 1.617662043614922140e+03 5.039003020693796486e+01
2.550643278764182509e-01 1.596824691904399288e+03 1.471715888161176622e+02
2.650619011823741600e-01 1.611920981786290668e+03 5.857487855466059727e+02
2.750591448975686082e-01 1.333754138394641359e+03 5.329598647503033249e+01
2.850551117562012404e-01 1.408685822918471331e+03 2.758001225336618631e+02
2.950567117222426261e-01 1.374363668297885397e+03 6.258612423775862226e+02
