# k     P0     P2     P4
# Pshot=15195.871177465526
# wnorm=5.139677068419433
# alpha1=0.020434728335044065
# alpha2=0.020434728335044065
7.489519112848944636e-03 9.241933777086823829e+04 8.600525895114812010e+04 5.717842490918988187e+04
1.606577831472441945e-02 7.174640439964906545e+04 2.172837432685342719e+04 2.317917107520402351e+04
2.566305929284757106e-02 5.629534904085681046e+04 2.574694314752711580e+04 7.088209412775831879e+02
3.547406197596935512e-02 4.924386213932566898e+04 2.279719200385393196e+04 6.571245758148082132e+03
4.536407469901294898e-02 3.836826881790429616e+04 1.314306990659684561e+04 2.307859743055559193e+03
5.529813676913136744e-02 3.342942318901762337e+04 1.187405583390144784e+04 3.471148380099775295e+03
6.525906970170659849e-02 2.902976986600496093e+04 1.147015336118794221e+04 8.373188746123989858e+02
7.522583763018902969e-02 2.482729099162269631e+04 8.202235553685311970e+03 -4.357007019122047495e+02
8.520013409482891931e-02 2.176322624891445957e+04 6.545238110154699825e+03 2.285169385754682935e+03
9.517892595161091263e-02 1.851422988040455675e+04 5.609014529522437442e+03 -2.216304284035909404e+02
1.051667122353221601e-01 1.563802133649390817e+04 4.792519063125632783e+03 1.725481966160664342e+02
1.151525497149269439e-01 1.384767238412459665e+04 4.787864488725155752e+03 5.384054286043403437e+01
1.251382427907365980e-01 1.305457483366615816e+04 4.351656074994425580e+03 -7.919900084529972446e+02
1.351288343039192263e-01 1.145338259552181626e+04 3.711518102054982137e+03 -1.113349257438437832e+02
1.451149978574308719e-01 1.028297656189236113e+04 3.039485812437347249e+03 5.720537350252238866e+02
1.551096551384904543e-01 9.211694575571895257e+03 2.127102438085758877e+03 2.323936425850378100e+02
1.651060891713693746e-01 8.192572569276442664e+03 2.138626322435116890e+03 1.173454310584903624e+03
1.750993520362851830e-01 7.630048855941772672e+03 2.269789969767001821e+03 9.279097749690453156e+02
1.850917299221883916e-01 7.213809821518576427e+03 1.838120722048150583e+03 6.444076700362365955e+02
1.950858372611846692e-01 6.722441066997802409e+03 1.660398836567886747e+03 7.103132609754054556e+02
2.050847103204250510e-01 6.148162850970640648e+03 1.323251126286691715e+03 3.349054721691003920e+02
2.150791300603934197e-01 5.649137786496000444e+03 9.425723474322865059e+02 9.325636842732676541e+02
2.250737298340816095e-01 5.236817452117066750e+03 1.129817621323330968e+03 8.253664521623890096e+02
2.350712478192589217e-01 4.745012495896622568e+03 9.924301011576502560e+02 7.279665008297804434e+02
2.450684092287566673e-01 4.636306264827267114e+03 7.314858661583933781e+02 3.786586078070495773e+02
2.550643278764182509e-01 4.367115114420494137e+03 7.641203684774802696e+02 4.688530242687282907e+02
2.650619011823741600e-01 4.035457680489074392e+03 6.838444284755386207e+02 2.364388980630580193e+02
2.750591448975686082e-01 3.796596875154745703e+03 6.691888421686210222e+02 1.791676130014490127e+02
2.850551117562012404e-01 3.445419764044944714e+03 2.940250501311336393e+02 5.433154524580027100e+02
2.950567117222426261e-01 3.308913452102273368e+03 3.410665994427174041e+02 4.064447382070434855e+02
