# k     P0     P2     P4
# Pshot=14941.77945197184
# wnorm=2.409564117094445
# alpha1=0.0212536679110481
# alpha2=0.0212536679110481
7.489519112848944636e-03 8.269649332696545753e+04 3.334736251580923272e+04 2.401821510172208218e+04
1.606577831472441945e-02 7.377988192849206098e+04 2.138679416882077930e+04 2.688035289722652669e+04
2.566305929284757106e-02 6.104833395336350804e+04 7.588021685791479285e+03 1.741939979995300291e+03
3.547406197596935512e-02 4.529086915001412126e+04 1.019960084494598595e+04 -1.056514558702040995e+04
4.536407469901294898e-02 3.710285675994779012e+04 1.638278445457334237e+04 4.752160692370634933e+03
5.529813676913136744e-02 3.250768216575526094e+04 1.313861670686975776e+04 6.760169665325274764e+03
6.525906970170659849e-02 2.697885193599812555e+04 1.106249247432780430e+04 -2.254258709226099199e+03
7.522583763018902969e-02 2.497288488388026963e+04 1.028203026885298823e+04 3.751748178251369836e+02
8.520013409482891931e-02 2.135841582592265331e+04 8.336193393083769479e+03 4.393010777411216623e+03
9.517892595161091263e-02 1.759132039072838961e+04 6.855296071997501713e+03 4.402491812763732014e+03
1.051667122353221601e-01 1.507614141493906754e+04 6.424856301859686937e+03 1.063988393495169021e+03
1.151525497149269439e-01 1.384168342956032393e+04 5.706506448898611779e+03 8.584584364272923267e+02
1.251382427907365980e-01 1.279635223763925205e+04 3.698429731009237912e+03 1.064529187726384862e+03
1.351288343039192263e-01 1.118354311404332111e+04 3.823482082175855794e+03 -3.648218559695471868e+02
1.451149978574308719e-01 9.792392608995198316e+03 2.791946879735351558e+03 1.543741615463147241e+02
1.551096551384904543e-01 9.061339265059814352e+03 2.654967363683531858e+03 1.586244381779487412e+03
1.651060891713693746e-01 7.814856558238616344e+03 2.037176746803214201e+03 6.514452977146399917e+02
1.750993520362851830e-01 7.379156972326354662e+03 1.793910675156914749e+03 5.097649778562667393e+02
1.850917299221883916e-01 6.884371419303940456e+03 1.895238450038473502e+03 -1.043178532012007764e+02
1.950858372611846692e-01 6.288210589015163350e+03 1.367234473035995052e+03 -2.075981022704030750e+02
2.050847103204250510e-01 5.974335681220084552e+03 1.386725454748916263e+03 2.206248225312488103e+02
2.150791300603934197e-01 5.558757150295828978e+03 7.015572568127295199e+02 3.614430072341552886e+02
2.250737298340816095e-01 5.159399427635340544e+03 7.552917463156377380e+02 4.221304219405586196e+02
2.350712478192589217e-01 4.881049376932728592e+03 8.016392085671888026e+02 -8.741384309847839518e+01
2.450684092287566673e-01 4.491652810439367386e+03 1.026376283844325826e+03 9.368257658252082365e+02
2.550643278764182509e-01 4.306949753159560714e+03 1.068897345700599089e+03 -6.521554958486278863e+00
2.650619011823741600e-01 4.082750093543642834e+03 5.335561987908843093e+02 7.671030626223566742e+02
2.750591448975686082e-01 3.803014889414708705e+03 3.660844984157062640e+02 6.699462405465158099e+02
2.850551117562012404e-01 3.469541443405370501e+03 4.207796425008627921e+02 5.015963935814704655e+02
2.950567117222426261e-01 3.254189551188518635e+03 1.830848847419388505e+02 3.643194030415494353e+02
