# k     P0     P2     P4
# Pshot=0.0
# wnorm=1.089910354483687
# alpha1=0.0212536679110481
# alpha2=0.02759386426188083
7.489519112848944636e-03 4.413672899594874616e+04 4.180117266057927918e+04 -9.084999343171850342e+03
1.606577831472441945e-02 5.685190139137577353e+04 4.870876181114869723e+03 -5.094944744715604611e+04
2.566305929284757106e-02 4.161103445824740629e+04 -1.455924321701808367e+03 -6.798052336706876304e+03
3.547406197596935512e-02 3.064574045872088755e+04 4.899105084564038407e+03 -4.599933283248787120e+03
4.536407469901294898e-02 2.349313678652275485e+04 9.325687038969292189e+03 -5.130710815764294239e+03
5.529813676913136744e-02 2.046650536314171404e+04 9.037365207320861373e+03 -5.896815999621536321e+03
6.525906970170659849e-02 1.814448477442228250e+04 6.760725719300621677e+03 3.591346923997744852e+03
7.522583763018902969e-02 1.620940850345014405e+04 2.704691478059911333e+03 -4.898919627037486862e+03
8.520013409482891931e-02 1.328205185979274029e+04 6.857567410349491183e+03 3.007332138296124867e+03
9.517892595161091263e-02 1.006437057650660608e+04 4.108486232798843048e+03 6.645437023597291955e+02
1.051667122353221601e-01 9.625789143486257672e+03 4.783680965234058931e+03 7.323941847706587396e+02
1.151525497149269439e-01 8.344111032392363995e+03 4.799761905612886949e+03 2.160325771166365485e+03
1.251382427907365980e-01 7.991225837722226061e+03 3.062502800979099447e+03 9.080238860711102689e+02
1.351288343039192263e-01 6.583786861828372821e+03 3.142530658189384667e+03 1.124922290043044768e+03
1.451149978574308719e-01 5.732756978503445680e+03 2.320660090090653739e+03 3.881941303278069881e+02
1.551096551384904543e-01 4.740438034409004104e+03 2.118411449184618050e+03 1.127261830667699542e+03
1.651060891713693746e-01 4.591573062063159341e+03 1.473066337111767325e+03 8.760597262808324786e+02
1.750993520362851830e-01 4.614526236981084367e+03 1.286145295691394494e+03 7.657234378757057129e+02
1.850917299221883916e-01 4.024573622277117465e+03 1.189128449842013652e+03 -7.690853620389435719e+01
1.950858372611846692e-01 3.596650338549924072e+03 1.010329762818149334e+03 -5.006776271151743458e+02
2.050847103204250510e-01 3.415112501443470137e+03 1.441527540867246671e+03 6.426697936554592161e+02
2.150791300603934197e-01 2.959187437123125619e+03 1.394194464845345465e+03 2.436495714558254519e+02
2.250737298340816095e-01 2.938714936487963314e+03 9.041555662855190576e+02 5.397197033711324821e+01
2.350712478192589217e-01 2.671458437961392974e+03 6.710613515297122831e+02 -5.901150128176154794e+02
2.450684092287566673e-01 2.320386198101199625e+03 7.602086963206808150e+02 -2.542135923845074501e+02
2.550643278764182509e-01 2.295915558981723734e+03 8.128086968462762343e+02 7.116450271128665008e+02
2.650619011823741600e-01 2.058640262045202689e+03 4.776374413951687075e+02 2.349412218109396235e+02
2.750591448975686082e-01 2.102184560939889707e+03 4.584336588186799872e+02 2.918807314751087461e+02
2.850551117562012404e-01 1.883480522144773659e+03 6.889808085826391562e+02 3.108812703449651735e+02
2.950567117222426261e-01 1.655530391356851851e+03 3.898843742674324631e+02 2.880592477880110778e+02
