# k     Q0     Q2
# Pshot=0.0
# wnorm=0.6432054050363224
# alpha1=0.04995197920566137
# alpha2=0.03861826267050255
7.489519112849040913e-03 1.635582225872703930e+04 -8.157775955255797271e+03
1.606577831472411760e-02 4.072405506870948739e+04 5.126486468260882390e+01
2.566305929284705065e-02 4.120899328678968595e+04 7.712422324096774901e+03
3.547406197596878613e-02 3.434240234673712985e+04 9.283202529288437290e+03
4.536407469901365674e-02 2.757160327710043202e+04 9.741310129516488814e+03
5.529813676913161724e-02 2.304758595664257882e+04 8.402106720363015484e+03
6.525906970170512744e-02 2.016701064476028841e+04 7.755160006525969038e+03
7.522583763018984848e-02 1.730179098508557217e+04 6.626168926476506385e+03
8.520013409482914135e-02 1.412221179409678916e+04 5.761818245025742726e+03
9.517892595161110691e-02 1.142919230121698092e+04 4.773590437548465161e+03
1.051667122353206613e-01 9.650645135874383413e+03 4.091563919567240646e+03
1.151525497149245986e-01 8.524599560397919049e+03 3.635620368473263625e+03
1.251382427907392347e-01 7.627570092840785946e+03 3.207623610223364722e+03
1.351288343039163120e-01 6.736057124224977088e+03 2.812123278528676565e+03
1.451149978574327870e-01 5.857397356988291904e+03 2.392917231530854679e+03
1.551096551384889277e-01 5.103168103226047606e+03 2.239954307574213999e+03
1.651060891713686252e-01 4.470523924572870783e+03 1.924317716198158450e+03
1.750993520362841560e-01 4.008490898966304940e+03 1.682360914165398754e+03
1.850917299221912782e-01 3.668622360588875381e+03 1.580309582612713939e+03
1.950858372611871949e-01 3.298859683711755679e+03 1.392612711128973842e+03
2.050847103204223310e-01 2.967457783042307256e+03 1.240990530110578902e+03
2.150791300603901723e-01 2.669688636758226494e+03 1.143532495962970188e+03
2.250737298340859671e-01 2.408989802475020042e+03 1.023618641551134829e+03
2.350712478192618915e-01 2.191814653458036446e+03 9.177412556240868753e+02
2.450684092287588878e-01 1.997383815593662348e+03 8.399866645591763472e+02
2.550643278764201938e-01 1.821115361224177605e+03 7.419295529159546732e+02
2.650619011823764914e-01 1.659795411010650241e+03 6.510079586725654508e+02
2.750591448975683861e-01 1.517526595952624575e+03 6.099683676660960145e+02
2.850551117562060699e-01 1.408236921445756252e+03 5.724858089365894784e+02
2.950567117222437918e-01 1.277568283486035853e+03 5.040814049058124056e+02
