# k     P0     P2     P4
# Pshot=0.0
# wnorm=0.6432054050363224
# alpha1=0.04995197920566137
# alpha2=0.03861826267050255
7.489519112849040913e-03 1.638134828991344511e+04 -6.381507796606746297e+01 -1.092684718434112438e+04
1.606577831472411760e-02 3.587221877357765334e+04 1.212959073782964151e+04 -1.630573992874851137e+04
2.566305929284705065e-02 3.527439215871585475e+04 1.483650282018442886e+04 -9.617508669718328747e+03
3.547406197596878613e-02 2.903735529099817359e+04 1.326261763934736700e+04 -5.372210398579574758e+03
4.536407469901365674e-02 2.303706462941331120e+04 1.133634661921768566e+04 -2.153299261096631199e+03
5.529813676913161724e-02 1.927709520046009857e+04 9.426226890456351612e+03 -1.382562229625993268e+03
6.525906970170512744e-02 1.683956585523604008e+04 8.318611973810622658e+03 -7.606601558342628095e+02
7.522583763018984848e-02 1.447956790174785419e+04 7.055557708344307684e+03 -5.796748555215425540e+02
8.520013409482914135e-02 1.179664958922535516e+04 5.813905512178510435e+03 -7.031781065623478355e+01
9.517892595161110691e-02 9.537834606074777184e+03 4.728394237855503889e+03 6.101486958549379125e+01
1.051667122353206613e-01 8.020019284726885417e+03 4.076564627868754542e+03 2.024904379295383094e+01
1.151525497149245986e-01 7.086519260697597019e+03 3.595200749250827357e+03 5.456648595028455873e+01
1.251382427907392347e-01 6.377116442055085827e+03 3.126134126964262123e+03 1.100108023997944571e+02
1.351288343039163120e-01 5.651931226311517094e+03 2.710314744783661808e+03 1.374415205557699551e+02
1.451149978574327870e-01 4.919625542987890185e+03 2.344429535001007480e+03 6.545839031529115459e+01
1.551096551384889277e-01 4.254677067655649807e+03 2.121227588925996770e+03 1.602810701750944133e+02
1.651060891713686252e-01 3.737191999935532749e+03 1.833329811593369413e+03 1.228336712164667688e+02
1.750993520362841560e-01 3.367299435917415849e+03 1.602978657622229321e+03 1.071660463332787714e+02
1.850917299221912782e-01 3.071936835026148856e+03 1.491713813906824953e+03 1.196042877529505404e+02
1.950858372611871949e-01 2.784611548228675929e+03 1.285620338707695964e+03 1.444397027687283810e+02
2.050847103204223310e-01 2.505835989688426707e+03 1.154054483384695914e+03 1.173636630799440042e+02
2.150791300603901723e-01 2.251202028931849327e+03 1.046216519565940189e+03 1.313765681359889754e+02
2.250737298340859671e-01 2.031897238794476834e+03 9.427314092013648406e+02 1.091977636721919964e+02
2.350712478192618915e-01 1.851079089255431882e+03 8.518389105065099329e+02 8.896816590872906261e+01
2.450684092287588878e-01 1.692994057768278481e+03 7.609743945634627380e+02 1.066665644942113857e+02
2.550643278764201938e-01 1.557885393359436193e+03 6.580749196618451151e+02 1.132037548930479431e+02
2.650619011823764914e-01 1.429396481171318555e+03 5.759973245983354673e+02 1.012643560002111798e+02
2.750591448975683861e-01 1.303494494649174385e+03 5.350802532586342295e+02 1.010989544500736059e+02
2.850551117562060699e-01 1.202939544546730531e+03 5.132434422475653264e+02 7.997719503018096532e+01
2.950567117222437918e-01 1.101063957127669255e+03 4.412608158959176876e+02 8.480779516335783796e+01
