# k     Q0     Q2
# Pshot=13644.429144809386
# wnorm=5.194204518327601
# alpha1=0.049951979205661384
# alpha2=0.049951979205661384
7.489519112849040913e-03 6.233588841927883186e+04 1.848327929020193324e+03
1.606577831472411760e-02 7.703733747440745356e+04 1.912412355020351242e+04
2.566305929284705065e-02 6.983048342602983757e+04 2.300757555983807106e+04
3.547406197596878613e-02 5.615528970245973323e+04 1.985075621485747615e+04
4.536407469901365674e-02 4.498272362080563471e+04 1.630235990944897821e+04
5.529813676913161724e-02 3.778263731271419238e+04 1.351257894410664085e+04
6.525906970170512744e-02 3.288340550874061591e+04 1.132434310809457384e+04
7.522583763018984848e-02 2.828363675051110113e+04 9.478779830925368515e+03
8.520013409482914135e-02 2.363768751854802031e+04 7.978156163313818070e+03
9.517892595161110691e-02 1.968288541931898362e+04 6.745837258819136878e+03
1.051667122353206613e-01 1.688804795415145782e+04 5.766393943812350699e+03
1.151525497149245986e-01 1.499889872345786171e+04 4.976720825573421280e+03
1.251382427907392347e-01 1.354578396767652339e+04 4.342716335078618613e+03
1.351288343039163120e-01 1.218089648698608471e+04 3.792337686205732098e+03
1.451149978574327870e-01 1.083831891768302012e+04 3.355453494657184820e+03
1.551096551384889277e-01 9.633753408185037188e+03 2.987891042181261128e+03
1.651060891713686252e-01 8.667904383839006186e+03 2.685679318993539255e+03
1.750993520362841560e-01 7.911354950421466128e+03 2.403594317016526475e+03
1.850917299221912782e-01 7.257361080752186353e+03 2.107247206809438921e+03
1.950858372611871949e-01 6.671063358344838889e+03 1.854448267777775754e+03
2.050847103204223310e-01 6.128727797102552358e+03 1.676632824427603964e+03
2.150791300603901723e-01 5.626367294502123514e+03 1.501737299321632008e+03
2.250737298340859671e-01 5.186341341543639828e+03 1.356868488923435507e+03
2.350712478192618915e-01 4.794124726543247561e+03 1.202076274362889535e+03
2.450684092287588878e-01 4.455626067419791070e+03 1.061899523878109449e+03
2.550643278764201938e-01 4.142673843656029931e+03 9.265507691073024716e+02
2.650619011823764914e-01 3.856227401626345454e+03 8.212800854216761763e+02
2.750591448975683861e-01 3.592997842476639107e+03 7.190551498520826499e+02
2.850551117562060699e-01 3.353096331481893685e+03 6.263447859946617200e+02
2.950567117222437918e-01 3.129002221183464826e+03 5.375811558641065631e+02
