# k     P0     P2     P4
# Pshot=13478.583772270016
# wnorm=2.342806759242772
# alpha1=0.049993139833540964
# alpha2=0.049993139833540964
7.489519112849040913e-03 5.379765424861598149e+04 7.787308760489045198e+02 -8.263961315513417503e+03
1.606577831472411760e-02 6.520715187683486874e+04 1.822435034554360027e+04 -4.298814436512659086e+03
2.566305929284705065e-02 5.820757344447490323e+04 2.018510400568202749e+04 -1.124330040357672488e+03
3.547406197596878613e-02 4.708537584756712749e+04 1.742352819392761376e+04 -2.815340186406866678e+02
4.536407469901365674e-02 3.785855095179224736e+04 1.469018377176914328e+04 -7.226277435164021767e+01
5.529813676913161724e-02 3.186871792290894518e+04 1.192328574318350184e+04 5.389048868967481667e+02
6.525906970170512744e-02 2.790024620460668302e+04 1.038998396488124490e+04 4.067178630081154438e+02
7.522583763018984848e-02 2.402204465676983818e+04 8.789308403428989550e+03 3.626236517533222354e+02
8.520013409482914135e-02 2.011437536771490340e+04 7.244175233833650054e+03 3.340630723022640041e+02
9.517892595161110691e-02 1.676203299267299008e+04 6.100795696576820774e+03 3.187349998549261727e+02
1.051667122353206613e-01 1.441095458000913095e+04 5.082532270291785608e+03 3.366186893250968524e+02
1.151525497149245986e-01 1.285234357781310246e+04 4.389674790626729191e+03 3.490079047138635815e+02
1.251382427907392347e-01 1.165003569665636860e+04 3.824232057020234606e+03 3.313693724663139051e+02
1.351288343039163120e-01 1.048055681842395279e+04 3.356107954829091341e+03 3.352193707894470549e+02
1.451149978574327870e-01 9.324686161635228927e+03 2.964751267338129765e+03 2.958511613968665870e+02
1.551096551384889277e-01 8.282138505941360563e+03 2.632364404219697008e+03 2.851459899768377682e+02
1.651060891713686252e-01 7.447246423017346387e+03 2.310813424830479562e+03 2.509564914018835395e+02
1.750993520362841560e-01 6.801013378313992689e+03 2.076746688173400344e+03 2.615282706790765133e+02
1.850917299221912782e-01 6.274050506646837675e+03 1.831951351327121984e+03 2.407743833967302578e+02
1.950858372611871949e-01 5.790356468582728667e+03 1.617992993635851235e+03 2.157876889220061400e+02
2.050847103204223310e-01 5.324738566782901216e+03 1.429946493032482522e+03 2.109752812279513705e+02
2.150791300603901723e-01 4.898585363530362883e+03 1.269474921897972763e+03 2.059438577533466344e+02
2.250737298340859671e-01 4.521297709793891954e+03 1.135528317411725084e+03 1.802090982928446294e+02
2.350712478192618915e-01 4.197623900353023600e+03 1.007358212439545355e+03 1.882584997561183400e+02
2.450684092287588878e-01 3.916871580937540784e+03 8.755274819691954917e+02 1.730875151296842773e+02
2.550643278764201938e-01 3.657338843006684328e+03 7.762595188532824295e+02 1.704344202356446090e+02
2.650619011823764914e-01 3.415099661765917972e+03 6.686439796994521885e+02 1.562407338072962091e+02
2.750591448975683861e-01 3.190934080563975385e+03 5.848482056141706380e+02 1.518251525999910143e+02
2.850551117562060699e-01 2.985046492687545197e+03 4.908985492579950005e+02 1.444542136661678171e+02
2.950567117222437918e-01 2.806463414734417256e+03 4.163582011927283020e+02 1.222371167852637512e+02
