# k     P0     P2     P4
# Pshot=7117.538385088939
# wnorm=3.759047218746835
# alpha1=0.038617926657106026
# alpha2=0.038617926657106026
7.489519112849040913e-03 2.622892590801741608e+04 -1.922390488089463179e+04 2.240260439336740092e+03
1.606577831472411760e-02 2.374737543504856876e+04 -2.995054944695200902e+03 1.699261850591868097e+03
2.566305929284705065e-02 2.126899763227302901e+04 4.354533661790721453e+03 -5.527698073759887620e+02
3.547406197596878613e-02 1.758800231624590742e+04 6.612480668591351787e+03 -9.870965621943316819e+02
4.536407469901365674e-02 1.443861628946020392e+04 6.332097057440632852e+03 -1.107983429014259400e+03
5.529813676913161724e-02 1.228808174217736996e+04 5.731210397411406120e+03 -8.206683167337909026e+02
6.525906970170512744e-02 1.077240135466339780e+04 5.191996255567450135e+03 -6.175352839586057598e+02
7.522583763018984848e-02 9.368486168820125386e+03 4.538753868596753819e+03 -3.649013446774869180e+02
8.520013409482914135e-02 7.917933567199273966e+03 3.682289515024310731e+03 -3.065478916655545731e+02
9.517892595161110691e-02 6.641162313478860597e+03 2.967124461303255430e+03 -2.250712755219636563e+02
1.051667122353206613e-01 5.729560137749675960e+03 2.525926693825962502e+03 -1.773033125851695786e+02
1.151525497149245986e-01 5.085007114416685909e+03 2.212527869352240486e+03 -9.762233152341789832e+01
1.251382427907392347e-01 4.604182529693746801e+03 1.979603705228838407e+03 -2.094465336905016883e+01
1.351288343039163120e-01 4.150050848095108449e+03 1.728723749191322895e+03 2.526164155438418990e-01
1.451149978574327870e-01 3.691996628912404049e+03 1.520949967076579242e+03 3.701380071829348850e+01
1.551096551384889277e-01 3.292855039459001546e+03 1.291388975917529933e+03 4.318822761826769607e+01
1.651060891713686252e-01 2.965196121005586974e+03 1.139948544235026930e+03 5.963304876206822769e+01
1.750993520362841560e-01 2.708428051718525694e+03 9.955116639036435799e+02 5.909177877959174197e+01
1.850917299221912782e-01 2.496294520012814701e+03 8.942409026246536996e+02 5.576099636045921670e+01
1.950858372611871949e-01 2.306979686175581719e+03 7.787346384728228941e+02 5.418546979902253469e+01
2.050847103204223310e-01 2.126738762747831061e+03 6.913360452281825701e+02 6.578261466411929348e+01
2.150791300603901723e-01 1.958460345601530662e+03 6.156637702807130381e+02 6.212811250580738687e+01
2.250737298340859671e-01 1.807484008151249100e+03 5.449089125088751189e+02 6.092039552236934696e+01
2.350712478192618915e-01 1.684022976473117751e+03 4.807215372633284005e+02 6.038393295517159487e+01
2.450684092287588878e-01 1.572405893713398200e+03 4.215507371467937219e+02 6.268678082171305732e+01
2.550643278764201938e-01 1.471689739559293002e+03 3.586768105510200257e+02 5.432999583933373344e+01
2.650619011823764914e-01 1.380527607291826143e+03 3.179696681778449943e+02 6.342309312320941928e+01
2.750591448975683861e-01 1.294664025612941714e+03 2.741840887495255288e+02 5.227115029177501526e+01
2.850551117562060699e-01 1.218885372918036865e+03 2.452593895772689052e+02 6.370722952622769242e+01
2.950567117222437918e-01 1.149678421369224679e+03 2.075456324842440097e+02 4.814294387519600349e+01
