# k     Q0     Q2
# Pshot=13478.583772270016
# wnorm=2.342806759242772
# alpha1=0.049993139833540964
# alpha2=0.049993139833540964
7.489519112849040913e-03 5.410914659903560823e+04 -5.342721950257342542e+03
1.606577831472411760e-02 7.249689201505227538e+04 1.504004335553424971e+04
2.566305929284705065e-02 6.628161504674762546e+04 1.935226693875039564e+04
3.547406197596878613e-02 5.405478712513818027e+04 1.721498447641597886e+04
4.536407469901365674e-02 4.373462446049996652e+04 1.463665579076793620e+04
5.529813676913161724e-02 3.663803222018240194e+04 1.232247454829220987e+04
6.525906970170512744e-02 3.205623979055918608e+04 1.069125645599836753e+04
7.522583763018984848e-02 2.753776801814143619e+04 9.057918515838884559e+03
8.520013409482914135e-02 2.301204546124835178e+04 7.491629361464963949e+03
9.517892595161110691e-02 1.920235127130370529e+04 6.336895696469363429e+03
1.051667122353206613e-01 1.644396748812586884e+04 5.331879447569628610e+03
1.151525497149245986e-01 1.460821349406379159e+04 4.648199164488854876e+03
1.251382427907392347e-01 1.317972851946446099e+04 4.069690851439725520e+03
1.351288343039163120e-01 1.182300000035556513e+04 3.604418599858309335e+03
1.451149978574327870e-01 1.051058666857045864e+04 3.183900275780251377e+03
1.551096551384889277e-01 9.335084267629255919e+03 2.843583656054388484e+03
1.651060891713686252e-01 8.371571792949534938e+03 2.496707122165209967e+03
1.750993520362841560e-01 7.631712053583351008e+03 2.270471333120869986e+03
1.850917299221912782e-01 7.006831047177685832e+03 2.010302746435810604e+03
1.950858372611871949e-01 6.437553666037072617e+03 1.777835726170667840e+03
2.050847103204223310e-01 5.896717163995896044e+03 1.586224479127261020e+03
2.150791300603901723e-01 5.406375332289553626e+03 1.422025927641192993e+03
2.250737298340859671e-01 4.975509036758579896e+03 1.269016538369389082e+03
2.350712478192618915e-01 4.600567185328845881e+03 1.146808952999633675e+03
2.450684092287588878e-01 4.267082573725211660e+03 1.003740456139332309e+03
2.550643278764201938e-01 3.967842650547998346e+03 9.025072375463522576e+02
2.650619011823764914e-01 3.682557253645697983e+03 7.843778565937454914e+02
2.750591448975683861e-01 3.424873362809647006e+03 6.973112816141644998e+02
2.850551117562060699e-01 3.181405912390738649e+03 5.979016704921929204e+02
2.950567117222437918e-01 2.973006695211504848e+03 5.069042136262576719e+02
