   0.500000E-02   0.279664E+03   0.556370E+02   0.302237E+02   0.850069E+02  -0.866378E+01   0.628083E+02   0.000000E+00   0.628507E+02   0.300443E+02   0.293734E+02   0.546470E+02  -0.982309E+01   0.389859E+02   0.000000E+00   0.124806E+03   0.931509E+02   0.699322E+02   0.197180E+03  -0.145456E+02   0.192631E+03
   0.150000E-01   0.929801E+03   0.753871E+02   0.279689E+03   0.154336E+03   0.138764E+02   0.159508E+03   0.000000E+00   0.264009E+03   0.542236E+02   0.151859E+03   0.125722E+03  -0.634502E+01   0.134862E+03   0.000000E+00   0.552649E+03   0.152485E+03   0.312007E+03   0.351047E+03   0.913129E+01   0.422354E+03
   0.250000E-01   0.135871E+04   0.677394E+02   0.509068E+03   0.151605E+03   0.316077E+02   0.171848E+03   0.000000E+00   0.396224E+03   0.499775E+02   0.232187E+03   0.122769E+03   0.274063E+00   0.148048E+03   0.000000E+00   0.805435E+03   0.136146E+03   0.446218E+03   0.327868E+03   0.262204E+02   0.423424E+03
   0.350000E-01   0.151083E+04   0.565524E+02   0.599950E+03   0.126733E+03   0.356354E+02   0.157953E+03   0.000000E+00   0.451221E+03   0.440490E+02   0.272738E+03   0.109254E+03  -0.121616E+01   0.134616E+03   0.000000E+00   0.878842E+03   0.111249E+03   0.484265E+03   0.276026E+03   0.415050E+01   0.358294E+03
   0.450000E-01   0.155465E+04   0.461679E+02   0.613911E+03   0.106341E+03   0.501386E+02   0.135949E+03   0.000000E+00   0.464879E+03   0.362462E+02   0.282842E+03   0.927214E+02   0.642552E+01   0.119905E+03   0.000000E+00   0.887118E+03   0.978296E+02   0.485756E+03   0.232453E+03   0.368062E+02   0.298469E+03
   0.550000E-01   0.159871E+04   0.409424E+02   0.619695E+03   0.941634E+02   0.516436E+02   0.115132E+03   0.000000E+00   0.480819E+03   0.321043E+02   0.282235E+03   0.805967E+02   0.733740E+01   0.104846E+03   0.000000E+00   0.895500E+03   0.840558E+02   0.475340E+03   0.201983E+03   0.263172E+02   0.254541E+03
   0.650000E-01   0.165262E+04   0.380073E+02   0.617802E+03   0.880755E+02   0.450947E+02   0.107866E+03   0.000000E+00   0.495822E+03   0.285532E+02   0.288294E+03   0.755134E+02   0.508952E+01   0.972050E+02   0.000000E+00   0.921181E+03   0.775788E+02   0.486293E+03   0.194162E+03   0.203301E+02   0.244495E+03
   0.750000E-01   0.164519E+04   0.341291E+02   0.605862E+03   0.780439E+02   0.366051E+02   0.987753E+02   0.000000E+00   0.493772E+03   0.266230E+02   0.280689E+03   0.655338E+02   0.271993E+01   0.879933E+02   0.000000E+00   0.911937E+03   0.729510E+02   0.473267E+03   0.167619E+03   0.143474E+02   0.216541E+03
   0.850000E-01   0.155793E+04   0.317888E+02   0.573528E+03   0.689741E+02   0.383228E+02   0.889032E+02   0.000000E+00   0.465849E+03   0.239239E+02   0.257446E+03   0.581259E+02   0.885701E+01   0.772184E+02   0.000000E+00   0.841060E+03   0.635335E+02   0.442817E+03   0.139846E+03   0.301505E+02   0.183349E+03
   0.950000E-01   0.144771E+04   0.259158E+02   0.534914E+03   0.600094E+02   0.425859E+02   0.775421E+02   0.000000E+00   0.431502E+03   0.220056E+02   0.231348E+03   0.527765E+02   0.912830E+01   0.685806E+02   0.000000E+00   0.757681E+03   0.554642E+02   0.393029E+03   0.126963E+03   0.318487E+02   0.168070E+03
   0.105000E+00   0.137526E+04   0.245872E+02   0.500298E+03   0.548252E+02   0.454651E+02   0.693386E+02   0.000000E+00   0.409794E+03   0.192915E+02   0.213479E+03   0.490775E+02   0.887417E+01   0.641024E+02   0.000000E+00   0.704856E+03   0.498448E+02   0.370842E+03   0.118759E+03   0.232515E+02   0.158109E+03
   0.115000E+00   0.134399E+04   0.223756E+02   0.469603E+03   0.501611E+02   0.481253E+02   0.635482E+02   0.000000E+00   0.398410E+03   0.187436E+02   0.202780E+03   0.447722E+02   0.915147E+01   0.596866E+02   0.000000E+00   0.678400E+03   0.501488E+02   0.356178E+03   0.107214E+03   0.195395E+02   0.138750E+03
   0.125000E+00   0.132695E+04   0.222732E+02   0.442823E+03   0.485715E+02   0.448568E+02   0.624274E+02   0.000000E+00   0.392821E+03   0.179544E+02   0.192413E+03   0.428484E+02   0.944603E+01   0.582777E+02   0.000000E+00   0.661289E+03   0.465840E+02   0.332954E+03   0.102866E+03   0.217447E+02   0.140794E+03
   0.135000E+00   0.129453E+04   0.216736E+02   0.417931E+03   0.465050E+02   0.414310E+02   0.594997E+02   0.000000E+00   0.381350E+03   0.176531E+02   0.181704E+03   0.424698E+02   0.116285E+02   0.537967E+02   0.000000E+00   0.635520E+03   0.430143E+02   0.314272E+03   0.100951E+03   0.222992E+02   0.129336E+03
   0.145000E+00   0.123799E+04   0.212278E+02   0.394162E+03   0.437060E+02   0.435510E+02   0.576784E+02   0.000000E+00   0.364441E+03   0.170709E+02   0.171485E+03   0.400851E+02   0.118507E+02   0.511169E+02   0.000000E+00   0.593292E+03   0.407524E+02   0.293145E+03   0.934411E+02   0.234582E+02   0.123911E+03
   0.155000E+00   0.117606E+04   0.194809E+02   0.375374E+03   0.426117E+02   0.391897E+02   0.529609E+02   0.000000E+00   0.344549E+03   0.160401E+02   0.157013E+03   0.382528E+02   0.122832E+02   0.487144E+02   0.000000E+00   0.548064E+03   0.409790E+02   0.278667E+03   0.890245E+02   0.272130E+02   0.113755E+03
   0.165000E+00   0.112702E+04   0.185611E+02   0.358521E+03   0.402610E+02   0.406542E+02   0.506779E+02   0.000000E+00   0.329431E+03   0.155722E+02   0.145943E+03   0.373033E+02   0.106245E+02   0.487633E+02   0.000000E+00   0.513880E+03   0.385351E+02   0.258069E+03   0.860663E+02   0.294076E+02   0.110779E+03
   0.175000E+00   0.109571E+04   0.182458E+02   0.336360E+03   0.382082E+02   0.437216E+02   0.481211E+02   0.000000E+00   0.320175E+03   0.155820E+02   0.135225E+03   0.342892E+02   0.100630E+02   0.476279E+02   0.000000E+00   0.491038E+03   0.374349E+02   0.236110E+03   0.802424E+02   0.242998E+02   0.109144E+03
   0.185000E+00   0.107087E+04   0.170804E+02   0.306921E+03   0.368730E+02   0.471164E+02   0.496386E+02   0.000000E+00   0.312426E+03   0.152184E+02   0.128058E+03   0.347021E+02   0.138578E+02   0.456767E+02   0.000000E+00   0.472791E+03   0.363502E+02   0.227538E+03   0.793433E+02   0.190726E+02   0.103997E+03
   0.195000E+00   0.104281E+04   0.170952E+02   0.282864E+03   0.361080E+02   0.448722E+02   0.449190E+02   0.000000E+00   0.303387E+03   0.141869E+02   0.117194E+03   0.347874E+02   0.130459E+02   0.448525E+02   0.000000E+00   0.451854E+03   0.364190E+02   0.215309E+03   0.791802E+02   0.338228E+02   0.100278E+03
   0.205000E+00   0.101041E+04   0.171495E+02   0.267887E+03   0.353728E+02   0.442833E+02   0.451132E+02   0.000000E+00   0.293870E+03   0.145852E+02   0.107882E+03   0.315457E+02   0.155033E+02   0.418736E+02   0.000000E+00   0.426305E+03   0.350631E+02   0.201484E+03   0.761793E+02   0.265536E+02   0.100653E+03
   0.215000E+00   0.975150E+03   0.168179E+02   0.250542E+03   0.336681E+02   0.411609E+02   0.431686E+02   0.000000E+00   0.283644E+03   0.144703E+02   0.991662E+02   0.321194E+02   0.126027E+02   0.428927E+02   0.000000E+00   0.401911E+03   0.340390E+02   0.188797E+03   0.774939E+02   0.266665E+02   0.950612E+02
   0.225000E+00   0.943384E+03   0.162157E+02   0.234698E+03   0.333419E+02   0.402132E+02   0.405618E+02   0.000000E+00   0.273969E+03   0.134332E+02   0.924109E+02   0.313961E+02   0.127846E+02   0.404301E+02   0.000000E+00   0.381132E+03   0.338887E+02   0.179164E+03   0.706835E+02   0.212115E+02   0.941548E+02
   0.235000E+00   0.915807E+03   0.157288E+02   0.213838E+03   0.329269E+02   0.406532E+02   0.409340E+02   0.000000E+00   0.266554E+03   0.140242E+02   0.874499E+02   0.304673E+02   0.132206E+02   0.403729E+02   0.000000E+00   0.361942E+03   0.321330E+02   0.168209E+03   0.683319E+02   0.264913E+02   0.941228E+02
   0.245000E+00   0.892751E+03   0.151027E+02   0.193907E+03   0.325280E+02   0.361243E+02   0.403020E+02   0.000000E+00   0.259542E+03   0.136195E+02   0.795879E+02   0.290192E+02   0.115851E+02   0.398745E+02   0.000000E+00   0.345027E+03   0.320089E+02   0.154881E+03   0.690866E+02   0.235861E+02   0.896389E+02
   0.255000E+00   0.869192E+03   0.151779E+02   0.176426E+03   0.308797E+02   0.427875E+02   0.398144E+02   0.000000E+00   0.252689E+03   0.132347E+02   0.723461E+02   0.302975E+02   0.129352E+02   0.384059E+02   0.000000E+00   0.328126E+03   0.318594E+02   0.146075E+03   0.687486E+02   0.319125E+02   0.918753E+02
   0.265000E+00   0.846273E+03   0.139135E+02   0.157297E+03   0.293606E+02   0.366216E+02   0.391348E+02   0.000000E+00   0.247085E+03   0.130721E+02   0.653637E+02   0.289543E+02   0.130972E+02   0.387845E+02   0.000000E+00   0.314438E+03   0.314632E+02   0.131989E+03   0.677681E+02   0.281989E+02   0.870288E+02
   0.275000E+00   0.821698E+03   0.147211E+02   0.141148E+03   0.313190E+02   0.387653E+02   0.396901E+02   0.000000E+00   0.240103E+03   0.132713E+02   0.599508E+02   0.291139E+02   0.117747E+02   0.382307E+02   0.000000E+00   0.298615E+03   0.312258E+02   0.129256E+03   0.685652E+02   0.240302E+02   0.916581E+02
   0.285000E+00   0.799806E+03   0.144932E+02   0.124068E+03   0.294883E+02   0.384166E+02   0.394369E+02   0.000000E+00   0.233605E+03   0.125771E+02   0.538043E+02   0.277751E+02   0.131055E+02   0.379532E+02   0.000000E+00   0.285337E+03   0.306462E+02   0.118847E+03   0.646198E+02   0.177771E+02   0.857786E+02
   0.295000E+00   0.778538E+03   0.144262E+02   0.107387E+03   0.302022E+02   0.381761E+02   0.394441E+02   0.000000E+00   0.227645E+03   0.122293E+02   0.476692E+02   0.280375E+02   0.118224E+02   0.383185E+02   0.000000E+00   0.270120E+03   0.315214E+02   0.107729E+03   0.631442E+02   0.209330E+02   0.873071E+02
