   0.500000E-02   0.291754E+03   0.694757E+02   0.238061E+02   0.110042E+03   0.000000E+00   0.000000E+00   0.000000E+00   0.746001E+02   0.411183E+02   0.220970E+02   0.661664E+02   0.000000E+00   0.000000E+00   0.000000E+00   0.124806E+03   0.931509E+02   0.699322E+02   0.197180E+03  -0.145456E+02   0.192631E+03
   0.150000E-01   0.104168E+04   0.102991E+03   0.289968E+03   0.220393E+03   0.000000E+00   0.000000E+00   0.000000E+00   0.324752E+03   0.879851E+02   0.147159E+03   0.183316E+03   0.000000E+00   0.000000E+00   0.000000E+00   0.552649E+03   0.152485E+03   0.312007E+03   0.351047E+03   0.913129E+01   0.422354E+03
   0.250000E-01   0.156233E+04   0.963859E+02   0.532482E+03   0.217525E+03   0.000000E+00   0.000000E+00   0.000000E+00   0.489099E+03   0.822246E+02   0.232390E+03   0.187103E+03   0.000000E+00   0.000000E+00   0.000000E+00   0.805435E+03   0.136146E+03   0.446218E+03   0.327868E+03   0.262204E+02   0.423424E+03
   0.350000E-01   0.175081E+04   0.831160E+02   0.626347E+03   0.187665E+03   0.000000E+00   0.000000E+00   0.000000E+00   0.560317E+03   0.726674E+02   0.271838E+03   0.166608E+03   0.000000E+00   0.000000E+00   0.000000E+00   0.878842E+03   0.111249E+03   0.484265E+03   0.276026E+03   0.415050E+01   0.358294E+03
   0.450000E-01   0.180021E+04   0.667439E+02   0.651051E+03   0.158534E+03   0.000000E+00   0.000000E+00   0.000000E+00   0.578016E+03   0.606675E+02   0.287602E+03   0.148291E+03   0.000000E+00   0.000000E+00   0.000000E+00   0.887118E+03   0.978296E+02   0.485756E+03   0.232453E+03   0.368062E+02   0.298469E+03
   0.550000E-01   0.184659E+04   0.589676E+02   0.657949E+03   0.140165E+03   0.000000E+00   0.000000E+00   0.000000E+00   0.593713E+03   0.533800E+02   0.287671E+03   0.127882E+03   0.000000E+00   0.000000E+00   0.000000E+00   0.895500E+03   0.840558E+02   0.475340E+03   0.201983E+03   0.263172E+02   0.254541E+03
   0.650000E-01   0.189974E+04   0.550585E+02   0.651205E+03   0.128661E+03   0.000000E+00   0.000000E+00   0.000000E+00   0.611140E+03   0.476620E+02   0.292064E+03   0.120153E+03   0.000000E+00   0.000000E+00   0.000000E+00   0.921181E+03   0.775788E+02   0.486293E+03   0.194162E+03   0.203301E+02   0.244495E+03
   0.750000E-01   0.188753E+04   0.487621E+02   0.632977E+03   0.114226E+03   0.000000E+00   0.000000E+00   0.000000E+00   0.606048E+03   0.423461E+02   0.282704E+03   0.102822E+03   0.000000E+00   0.000000E+00   0.000000E+00   0.911937E+03   0.729510E+02   0.473267E+03   0.167619E+03   0.143474E+02   0.216541E+03
   0.850000E-01   0.178734E+04   0.442415E+02   0.601915E+03   0.104803E+03   0.000000E+00   0.000000E+00   0.000000E+00   0.568827E+03   0.376415E+02   0.264007E+03   0.888242E+02   0.000000E+00   0.000000E+00   0.000000E+00   0.841060E+03   0.635335E+02   0.442817E+03   0.139846E+03   0.301505E+02   0.183349E+03
   0.950000E-01   0.166167E+04   0.376846E+02   0.566460E+03   0.864964E+02   0.000000E+00   0.000000E+00   0.000000E+00   0.524041E+03   0.344714E+02   0.238110E+03   0.819129E+02   0.000000E+00   0.000000E+00   0.000000E+00   0.757681E+03   0.554642E+02   0.393029E+03   0.126963E+03   0.318487E+02   0.168070E+03
   0.105000E+00   0.157538E+04   0.343073E+02   0.533976E+03   0.793060E+02   0.000000E+00   0.000000E+00   0.000000E+00   0.495185E+03   0.304820E+02   0.220052E+03   0.756191E+02   0.000000E+00   0.000000E+00   0.000000E+00   0.704856E+03   0.498448E+02   0.370842E+03   0.118759E+03   0.232515E+02   0.158109E+03
   0.115000E+00   0.153184E+04   0.308259E+02   0.505251E+03   0.719875E+02   0.000000E+00   0.000000E+00   0.000000E+00   0.479522E+03   0.286996E+02   0.209559E+03   0.687833E+02   0.000000E+00   0.000000E+00   0.000000E+00   0.678400E+03   0.501488E+02   0.356178E+03   0.107214E+03   0.195395E+02   0.138750E+03
   0.125000E+00   0.150408E+04   0.309329E+02   0.476050E+03   0.687565E+02   0.000000E+00   0.000000E+00   0.000000E+00   0.469786E+03   0.267186E+02   0.199410E+03   0.650285E+02   0.000000E+00   0.000000E+00   0.000000E+00   0.661289E+03   0.465840E+02   0.332954E+03   0.102866E+03   0.217447E+02   0.140794E+03
   0.135000E+00   0.146171E+04   0.298479E+02   0.448621E+03   0.651911E+02   0.000000E+00   0.000000E+00   0.000000E+00   0.454031E+03   0.262398E+02   0.190318E+03   0.627506E+02   0.000000E+00   0.000000E+00   0.000000E+00   0.635520E+03   0.430143E+02   0.314272E+03   0.100951E+03   0.222992E+02   0.129336E+03
   0.145000E+00   0.139565E+04   0.288144E+02   0.426422E+03   0.643528E+02   0.000000E+00   0.000000E+00   0.000000E+00   0.433035E+03   0.251552E+02   0.180264E+03   0.592779E+02   0.000000E+00   0.000000E+00   0.000000E+00   0.593292E+03   0.407524E+02   0.293145E+03   0.934411E+02   0.234582E+02   0.123911E+03
   0.155000E+00   0.132621E+04   0.264985E+02   0.404403E+03   0.608560E+02   0.000000E+00   0.000000E+00   0.000000E+00   0.407354E+03   0.236241E+02   0.166112E+03   0.567283E+02   0.000000E+00   0.000000E+00   0.000000E+00   0.548064E+03   0.409790E+02   0.278667E+03   0.890245E+02   0.272130E+02   0.113755E+03
   0.165000E+00   0.127043E+04   0.252607E+02   0.388635E+03   0.551171E+02   0.000000E+00   0.000000E+00   0.000000E+00   0.387809E+03   0.231885E+02   0.153813E+03   0.564157E+02   0.000000E+00   0.000000E+00   0.000000E+00   0.513880E+03   0.385351E+02   0.258069E+03   0.860663E+02   0.294076E+02   0.110779E+03
   0.175000E+00   0.123025E+04   0.246032E+02   0.368746E+03   0.546162E+02   0.000000E+00   0.000000E+00   0.000000E+00   0.374265E+03   0.220558E+02   0.142679E+03   0.526145E+02   0.000000E+00   0.000000E+00   0.000000E+00   0.491038E+03   0.374349E+02   0.236110E+03   0.802424E+02   0.242998E+02   0.109144E+03
   0.185000E+00   0.119364E+04   0.232663E+02   0.341822E+03   0.539528E+02   0.000000E+00   0.000000E+00   0.000000E+00   0.363650E+03   0.216124E+02   0.138323E+03   0.518083E+02   0.000000E+00   0.000000E+00   0.000000E+00   0.472791E+03   0.363502E+02   0.227538E+03   0.793433E+02   0.190726E+02   0.103997E+03
   0.195000E+00   0.115595E+04   0.229510E+02   0.316103E+03   0.492402E+02   0.000000E+00   0.000000E+00   0.000000E+00   0.350265E+03   0.206353E+02   0.126857E+03   0.508051E+02   0.000000E+00   0.000000E+00   0.000000E+00   0.451854E+03   0.364190E+02   0.215309E+03   0.791802E+02   0.338228E+02   0.100278E+03
   0.205000E+00   0.111757E+04   0.227217E+02   0.300689E+03   0.481822E+02   0.000000E+00   0.000000E+00   0.000000E+00   0.337023E+03   0.198576E+02   0.119366E+03   0.473179E+02   0.000000E+00   0.000000E+00   0.000000E+00   0.426305E+03   0.350631E+02   0.201484E+03   0.761793E+02   0.265536E+02   0.100653E+03
   0.215000E+00   0.107537E+04   0.222636E+02   0.281032E+03   0.476958E+02   0.000000E+00   0.000000E+00   0.000000E+00   0.323311E+03   0.201631E+02   0.108501E+03   0.479051E+02   0.000000E+00   0.000000E+00   0.000000E+00   0.401911E+03   0.340390E+02   0.188797E+03   0.774939E+02   0.266665E+02   0.950612E+02
   0.225000E+00   0.103726E+04   0.212139E+02   0.264486E+03   0.455910E+02   0.000000E+00   0.000000E+00   0.000000E+00   0.310933E+03   0.192618E+02   0.101881E+03   0.460742E+02   0.000000E+00   0.000000E+00   0.000000E+00   0.381132E+03   0.338887E+02   0.179164E+03   0.706835E+02   0.212115E+02   0.941548E+02
   0.235000E+00   0.100134E+04   0.203414E+02   0.243952E+03   0.449161E+02   0.000000E+00   0.000000E+00   0.000000E+00   0.301534E+03   0.193040E+02   0.972429E+02   0.448828E+02   0.000000E+00   0.000000E+00   0.000000E+00   0.361942E+03   0.321330E+02   0.168209E+03   0.683319E+02   0.264913E+02   0.941228E+02
   0.245000E+00   0.970314E+03   0.196038E+02   0.220666E+03   0.438853E+02   0.000000E+00   0.000000E+00   0.000000E+00   0.291377E+03   0.187687E+02   0.881695E+02   0.416506E+02   0.000000E+00   0.000000E+00   0.000000E+00   0.345027E+03   0.320089E+02   0.154881E+03   0.690866E+02   0.235861E+02   0.896389E+02
   0.255000E+00   0.939762E+03   0.191456E+02   0.208121E+03   0.418890E+02   0.000000E+00   0.000000E+00   0.000000E+00   0.281627E+03   0.187047E+02   0.819277E+02   0.426330E+02   0.000000E+00   0.000000E+00   0.000000E+00   0.328126E+03   0.318594E+02   0.146075E+03   0.687486E+02   0.319125E+02   0.918753E+02
   0.265000E+00   0.909192E+03   0.181006E+02   0.184424E+03   0.399673E+02   0.000000E+00   0.000000E+00   0.000000E+00   0.273231E+03   0.176813E+02   0.750653E+02   0.414882E+02   0.000000E+00   0.000000E+00   0.000000E+00   0.314438E+03   0.314632E+02   0.131989E+03   0.677681E+02   0.281989E+02   0.870288E+02
   0.275000E+00   0.878157E+03   0.189875E+02   0.169863E+03   0.420932E+02   0.000000E+00   0.000000E+00   0.000000E+00   0.264083E+03   0.180803E+02   0.686728E+02   0.409067E+02   0.000000E+00   0.000000E+00   0.000000E+00   0.298615E+03   0.312258E+02   0.129256E+03   0.685652E+02   0.240302E+02   0.916581E+02
   0.285000E+00   0.849433E+03   0.183018E+02   0.152524E+03   0.414024E+02   0.000000E+00   0.000000E+00   0.000000E+00   0.255127E+03   0.175521E+02   0.635122E+02   0.407531E+02   0.000000E+00   0.000000E+00   0.000000E+00   0.285337E+03   0.306462E+02   0.118847E+03   0.646198E+02   0.177771E+02   0.857786E+02
   0.295000E+00   0.821493E+03   0.185807E+02   0.135665E+03   0.421342E+02   0.000000E+00   0.000000E+00   0.000000E+00   0.246712E+03   0.166593E+02   0.564265E+02   0.416374E+02   0.000000E+00   0.000000E+00   0.000000E+00   0.270120E+03   0.315214E+02   0.107729E+03   0.631442E+02   0.209330E+02   0.873071E+02
