# k     Q0     Q2
# Pshot=7501.359579148184
# wnorm=3.841079105000774
# alpha1=0.038617926693288396
# alpha2=0.038617926693288396
7.489519112849040913e-03 1.878119991902385664e+04 1.262540145632273925e+04
1.606577831472411760e-02 3.074938404242496836e+04 1.353656972501131895e+04
2.566305929284705065e-02 2.803358141564602192e+04 1.350724538371196468e+04
3.547406197596878613e-02 2.300742905619576050e+04 1.071435767369360110e+04
4.536407469901365674e-02 1.852280499314702320e+04 8.825827264524006750e+03
5.529813676913161724e-02 1.557104251527778979e+04 7.275911584743450476e+03
6.525906970170512744e-02 1.364064986329853491e+04 6.304329436584702307e+03
7.522583763018984848e-02 1.173074057176830684e+04 5.309322965126332747e+03
8.520013409482914135e-02 9.728757968951576913e+03 4.324370341034934427e+03
9.517892595161110691e-02 8.030180556486131536e+03 3.496313974478714954e+03
1.051667122353206613e-01 6.842364503146167408e+03 2.911783531294584918e+03
1.151525497149245986e-01 6.069872312549906383e+03 2.537879907282712793e+03
1.251382427907392347e-01 5.488460291814542870e+03 2.314430623843945796e+03
1.351288343039163120e-01 4.892695213532188973e+03 1.966845379577004906e+03
1.451149978574327870e-01 4.330018270447144459e+03 1.708690669169303192e+03
1.551096551384889277e-01 3.827789454548065805e+03 1.481609242366086391e+03
1.651060891713686252e-01 3.441575811112918018e+03 1.343215191141810919e+03
1.750993520362841560e-01 3.136519863904142767e+03 1.172959159529410044e+03
1.850917299221912782e-01 2.877445796830178551e+03 1.059712665526314368e+03
1.950858372611871949e-01 2.629290696684629893e+03 9.279261306146768220e+02
2.050847103204223310e-01 2.420833039904424822e+03 8.297839895373950867e+02
2.150791300603901723e-01 2.203499984028668223e+03 7.197785979735189130e+02
2.250737298340859671e-01 2.026331912829570228e+03 6.448063583411631043e+02
2.350712478192618915e-01 1.886053286146693381e+03 6.047296023344249534e+02
2.450684092287588878e-01 1.736622896810308930e+03 5.185350976673213381e+02
2.550643278764201938e-01 1.617447234872354329e+03 4.415631923914986601e+02
2.650619011823764914e-01 1.507985353287828502e+03 3.945449342341442502e+02
2.750591448975683861e-01 1.411022697624335024e+03 3.554873041691055846e+02
2.850551117562060699e-01 1.312337158432763545e+03 3.153045480369317488e+02
2.950567117222437918e-01 1.226071223255820769e+03 2.720008477867973511e+02
