# k     P0     P2     P4
# Pshot=0.0
# wnorm=0.6432054050363224
# alpha1=0.04995197920566137
# alpha2=0.03861826267050255
7.489519112849040913e-03 2.422357621705773636e+04 2.032752149447691409e+04 -8.475040639789804118e+02
1.606577831472411760e-02 4.137402779325041047e+04 2.997252432188775128e+04 -1.108270456230304262e+03
2.566305929284705065e-02 3.748018697338904894e+04 2.283052826750004169e+04 -6.792660328130295966e+00
3.547406197596878613e-02 2.993026691188529367e+04 1.686373137279855291e+04 -6.576371600029324327e+02
4.536407469901365674e-02 2.350984951642409578e+04 1.324359851136545512e+04 5.626719683998389883e+02
5.529813676913161724e-02 1.954528157594888398e+04 1.050794526281643994e+04 4.184214312761816927e+02
6.525906970170512744e-02 1.701237524162076807e+04 8.989422532495582345e+03 2.855053891508576953e+02
7.522583763018984848e-02 1.459121360257052584e+04 7.559259779962643734e+03 1.175648989193672378e+02
8.520013409482914135e-02 1.190346103785635023e+04 6.162913793193283709e+03 4.664653539842998953e+02
9.517892595161110691e-02 9.604889566542457032e+03 4.972907395827925939e+03 3.135515727758080970e+02
1.051667122353206613e-01 8.044541807191117186e+03 4.215210548636375279e+03 1.835774895649881273e+02
1.151525497149245986e-01 7.117253284479005742e+03 3.722113769443794354e+03 1.835526624572175365e+02
1.251382427907392347e-01 6.411051144471894077e+03 3.223776519393365561e+03 1.943514867200854610e+02
1.351288343039163120e-01 5.668778311159173427e+03 2.749652165545485332e+03 2.084522780058466083e+02
1.451149978574327870e-01 4.937994888857778278e+03 2.398029940460626676e+03 2.155678523035151670e+02
1.551096551384889277e-01 4.255954586557455514e+03 2.172219556329293937e+03 1.871317445864397087e+02
1.651060891713686252e-01 3.761982535556661333e+03 1.873844581009750073e+03 1.509822905318642654e+02
1.750993520362841560e-01 3.366293748976215738e+03 1.639411266625577809e+03 1.595830296723682977e+02
1.850917299221912782e-01 3.075227585661322792e+03 1.496556695239625242e+03 1.592729511054175759e+02
1.950858372611871949e-01 2.789696987728698332e+03 1.314609232464384604e+03 1.930237305063486701e+02
2.050847103204223310e-01 2.507084700087210422e+03 1.173301646302780910e+03 1.386530130447591773e+02
2.150791300603901723e-01 2.259927231958710308e+03 1.045572015109650010e+03 1.657746184184099434e+02
2.250737298340859671e-01 2.040062618367820050e+03 9.275025694816483792e+02 1.341354789876410223e+02
2.350712478192618915e-01 1.852175736376897703e+03 8.530723530537038641e+02 1.200628728958919282e+02
2.450684092287588878e-01 1.698062628193137471e+03 7.726359248274889069e+02 1.167986186240094213e+02
2.550643278764201938e-01 1.556521424230787261e+03 6.694456114337847339e+02 1.247005013236611859e+02
2.650619011823764914e-01 1.435460014215025922e+03 5.811731114362356720e+02 1.275231987959424202e+02
2.750591448975683861e-01 1.307168412088477453e+03 5.375308364435347812e+02 1.235097949602102290e+02
2.850551117562060699e-01 1.197654198589159705e+03 5.118620154229438413e+02 1.024299887718842967e+02
2.950567117222437918e-01 1.103470219364624427e+03 4.343834440312767242e+02 8.184045220938013188e+01
