# k     P0     P2     P4
# Pshot=13644.429144809386
# wnorm=5.194204518327601
# alpha1=0.049951979205661384
# alpha2=0.049951979205661384
7.489519112849040913e-03 6.225820507441386144e+04 1.077458498606188004e+04 2.657711433446133924e+03
1.606577831472411760e-02 6.973175897284029634e+04 2.307861402755273957e+04 3.318666153894961553e+03
2.566305929284705065e-02 6.106093156376960542e+04 2.381813178672829963e+04 2.546904502862083064e+03
3.547406197596878613e-02 4.858237101674382575e+04 1.986740956271867981e+04 1.616915811588504766e+03
4.536407469901365674e-02 3.887841839425920625e+04 1.573229638380887627e+04 1.508344463279698402e+03
5.529813676913161724e-02 3.272196736527089161e+04 1.291758616817431539e+04 1.266355537911553711e+03
6.525906970170512744e-02 2.861797990973367996e+04 1.085812149952451546e+04 8.998504261378456022e+02
7.522583763018984848e-02 2.468120575270034169e+04 9.175998078050190088e+03 6.015736974361519742e+02
8.520013409482914135e-02 2.062201998341645231e+04 7.641574158491751405e+03 5.600285606320792340e+02
9.517892595161110691e-02 1.714560614908026037e+04 6.416976540015397404e+03 5.452193939339019835e+02
1.051667122353206613e-01 1.473984380980738570e+04 5.401812628892052999e+03 5.648261039889630410e+02
1.151525497149245986e-01 1.315426056601466007e+04 4.640502191460090216e+03 5.030051177003463749e+02
1.251382427907392347e-01 1.193510702117422989e+04 4.041676721813826589e+03 4.560251579763706218e+02
1.351288343039163120e-01 1.079005196741565487e+04 3.516091430935579410e+03 3.870902152943471037e+02
1.451149978574327870e-01 9.609223124798470963e+03 3.094143186935055837e+03 3.532957833977324071e+02
1.551096551384889277e-01 8.535476327561642393e+03 2.759676457227084938e+03 3.033036306431399680e+02
1.651060891713686252e-01 7.679696904089766576e+03 2.487188245292990814e+03 2.861630682042683702e+02
1.750993520362841560e-01 7.039933166494162833e+03 2.206431508939753712e+03 3.088395996779702273e+02
1.850917299221912782e-01 6.504926858852630176e+03 1.897347745372446752e+03 2.952998452892894647e+02
1.950858372611871949e-01 6.012570613780574604e+03 1.649658411068297255e+03 2.757035662421595248e+02
2.050847103204223310e-01 5.536105964229663186e+03 1.498015847175617182e+03 2.451359655259734609e+02
2.150791300603901723e-01 5.092014662633723674e+03 1.335370555810602127e+03 2.194999891211661804e+02
2.250737298340859671e-01 4.709525079555702177e+03 1.193672533747510897e+03 2.190849580534887764e+02
2.350712478192618915e-01 4.373294780486064155e+03 1.048662368436894667e+03 2.024308158663565109e+02
2.450684092287588878e-01 4.090421748539130476e+03 9.196087231644195299e+02 1.816967441441004496e+02
2.550643278764201938e-01 3.827717465789398375e+03 7.895459871230099225e+02 1.864203045479583523e+02
2.650619011823764914e-01 3.581457780086550429e+03 6.928818556223794758e+02 1.704496505803352306e+02
2.750591448975683861e-01 3.355609854496289699e+03 6.000005336091036270e+02 1.650834715073135612e+02
2.850551117562060699e-01 3.150918638494528750e+03 5.116063644788142142e+02 1.538211363081660181e+02
2.950567117222437918e-01 2.962208860851741974e+03 4.252047372343691904e+02 1.556877859842303167e+02
