# k     Q0     Q2
# Pshot=0.0
# wnorm=0.6432054050363224
# alpha1=0.04995197920566137
# alpha2=0.03861826267050255
7.489519112849040913e-03 3.235458481484854565e+04 1.969974070634432428e+04
1.606577831472411760e-02 5.336303752200558665e+04 2.915158324319863095e+04
2.566305929284705065e-02 4.661239828038914857e+04 2.282549666725700808e+04
3.547406197596878613e-02 3.667575946100465080e+04 1.637659273575931365e+04
4.536407469901365674e-02 2.880728892097028802e+04 1.366039256203200057e+04
5.529813676913161724e-02 2.374845968107536464e+04 1.081788706376174559e+04
6.525906970170512744e-02 2.060814425461899009e+04 9.200908005940653311e+03
7.522583763018984848e-02 1.761491751455554186e+04 7.646344890273310739e+03
8.520013409482914135e-02 1.436862655513367827e+04 6.508443685033514157e+03
9.517892595161110691e-02 1.159405252487363578e+04 5.205167820106317777e+03
1.051667122353206613e-01 9.730626026645672027e+03 4.351193874240074365e+03
1.151525497149245986e-01 8.606098792256518209e+03 3.858078704597293381e+03
1.251382427907392347e-01 7.700561752229224112e+03 3.367740583630450601e+03
1.351288343039163120e-01 6.768639177377353008e+03 2.904061260364632290e+03
1.451149978574327870e-01 5.897206865042016943e+03 2.557709831055820359e+03
1.551096551384889277e-01 5.124842409089186731e+03 2.310835663430363184e+03
1.651060891713686252e-01 4.511520367960553813e+03 1.985683314737059618e+03
1.750993520362841560e-01 4.022058255626436221e+03 1.757620918234732699e+03
1.850917299221912782e-01 3.673850263757166886e+03 1.614536659021416881e+03
1.950858372611871949e-01 3.315540680714452265e+03 1.457589773580196606e+03
2.050847103204223310e-01 2.976405358608329607e+03 1.276007581891490418e+03
2.150791300603901723e-01 2.678156038002572132e+03 1.168368028752916643e+03
2.250737298340859671e-01 2.411063646160479948e+03 1.026862183546565575e+03
2.350712478192618915e-01 2.193404677598377475e+03 9.420078144580667185e+02
2.450684092287588878e-01 2.007116998124133261e+03 8.591534201045348027e+02
2.550643278764201938e-01 1.824299668804305611e+03 7.618163531550153493e+02
2.650619011823764914e-01 1.667929258789514734e+03 6.756347401739692486e+02
2.750591448975683861e-01 1.522180746665888819e+03 6.290195734510986085e+02
2.850551117562060699e-01 1.402399004758335423e+03 5.877360811798972691e+02
2.950567117222437918e-01 1.277223596977136367e+03 4.950060012234108058e+02
