# k     Q0     Q2
# Pshot=0.0
# wnorm=1.0943980584582609
# alpha1=0.04999313983354096
# alpha2=0.03861786695886631
7.489519112849040913e-03 3.067951463114906073e+04 1.493430600935121220e+04
1.606577831472411760e-02 4.928900414762432774e+04 2.272320633842900133e+04
2.566305929284705065e-02 4.424965482273501402e+04 1.886517063528171275e+04
3.547406197596878613e-02 3.583799299769278150e+04 1.583448602120806390e+04
4.536407469901365674e-02 2.829348385651944045e+04 1.266751231643815663e+04
5.529813676913161724e-02 2.340664098732160710e+04 1.040800049834204401e+04
6.525906970170512744e-02 2.022662887643607610e+04 8.832133662823438499e+03
7.522583763018984848e-02 1.729418311680166516e+04 7.515897703226453814e+03
8.520013409482914135e-02 1.414262711410586962e+04 6.045254690547213613e+03
9.517892595161110691e-02 1.150246663459457159e+04 4.984537526208322561e+03
1.051667122353206613e-01 9.717329868133947457e+03 4.273855142713872738e+03
1.151525497149245986e-01 8.454683051623007486e+03 3.610080795760231922e+03
1.251382427907392347e-01 7.594146347173027607e+03 3.279554072297532912e+03
1.351288343039163120e-01 6.710665875069497815e+03 2.829098775118931371e+03
1.451149978574327870e-01 5.847601084508640270e+03 2.538393948119937249e+03
1.551096551384889277e-01 5.083904554496425590e+03 2.185156699134106930e+03
1.651060891713686252e-01 4.452858893457362683e+03 1.923744915077246787e+03
1.750993520362841560e-01 4.014862732249891451e+03 1.750421974224362202e+03
1.850917299221912782e-01 3.637039169951829081e+03 1.549645010921033645e+03
1.950858372611871949e-01 3.288021754280243385e+03 1.391506033255571992e+03
2.050847103204223310e-01 2.966520072701395293e+03 1.243419476018826572e+03
2.150791300603901723e-01 2.667174478383646601e+03 1.096102533136790498e+03
2.250737298340859671e-01 2.409503194668481228e+03 1.030561866732069348e+03
2.350712478192618915e-01 2.175367741313513761e+03 9.284773782322740772e+02
2.450684092287588878e-01 1.978661997263019202e+03 8.338793491112072616e+02
2.550643278764201938e-01 1.828345768258507405e+03 7.471664028252287153e+02
2.650619011823764914e-01 1.666722060552473977e+03 6.809463692346254220e+02
2.750591448975683861e-01 1.521801539761639560e+03 6.258322773559744974e+02
2.850551117562060699e-01 1.393016085543011741e+03 5.605287452271837765e+02
2.950567117222437918e-01 1.276018888562170787e+03 5.026794625896126263e+02
