# k     P0     P2     P4
# Pshot=0.0
# wnorm=1.0943980584582609
# alpha1=0.04999313983354096
# alpha2=0.03861786695886631
7.489519112849040913e-03 2.484416617029113331e+04 1.458837115214468395e+04 4.670120572288296898e+02
1.606577831472411760e-02 3.967111585508425196e+04 2.404472073135014944e+04 -1.784044430443587771e+03
2.566305929284705065e-02 3.641621100399153511e+04 1.958360954685913021e+04 -9.698925306295113842e+02
3.547406197596878613e-02 2.949492651146427670e+04 1.585766621557134204e+04 -3.129326239046667979e+01
4.536407469901365674e-02 2.325457386310979200e+04 1.259727498352399380e+04 9.482039943410609339e+01
5.529813676913161724e-02 1.932169221861712504e+04 1.021237192176118151e+04 2.640985783841404100e+02
6.525906970170512744e-02 1.675287050570617066e+04 8.684395926824814524e+03 1.994459435981704019e+02
7.522583763018984848e-02 1.434159444061556678e+04 7.381471690465249594e+03 1.814751172276590978e+02
8.520013409482914135e-02 1.175789020838006218e+04 5.961842264314617751e+03 1.126067754139966723e+02
9.517892595161110691e-02 9.563147485398600111e+03 4.848297872989928692e+03 1.839235318448257317e+02
1.051667122353206613e-01 8.078089627243138239e+03 4.098100602226941191e+03 2.372686296573587015e+02
1.151525497149245986e-01 7.070277072765310550e+03 3.461014947144170037e+03 2.012388956316708004e+02
1.251382427907392347e-01 6.359787588996640807e+03 3.085896895440958360e+03 2.614371887563661403e+02
1.351288343039163120e-01 5.643235382018744531e+03 2.668576232626862748e+03 2.167054323642892655e+02
1.451149978574327870e-01 4.898239328926359121e+03 2.373404388955728336e+03 2.227359048716762686e+02
1.551096551384889277e-01 4.255717045129869803e+03 2.070468773416362637e+03 1.548286997189659076e+02
1.651060891713686252e-01 3.726284259104217199e+03 1.816436585882865529e+03 1.448662444124172453e+02
1.750993520362841560e-01 3.366033642021003288e+03 1.622072725572193121e+03 1.732714856804299473e+02
1.850917299221912782e-01 3.064329965396092575e+03 1.431773011389328303e+03 1.591271993678053605e+02
1.950858372611871949e-01 2.776321408762396459e+03 1.279250863794637098e+03 1.515444787722621527e+02
2.050847103204223310e-01 2.509674815248317827e+03 1.142113143632702077e+03 1.367635487212700696e+02
2.150791300603901723e-01 2.262492481467435482e+03 1.011704992290535756e+03 1.139366801424456810e+02
2.250737298340859671e-01 2.037314106277624205e+03 9.304727209771476737e+02 1.351203467691433389e+02
2.350712478192618915e-01 1.847073227818412533e+03 8.207362837377667120e+02 1.454504775675805490e+02
2.450684092287588878e-01 1.686812159526519054e+03 7.296245943412362749e+02 1.407439189394578705e+02
2.550643278764201938e-01 1.564625351977941364e+03 6.593010407014240855e+02 1.186182388671376913e+02
2.650619011823764914e-01 1.427415895012202327e+03 5.982654138506765094e+02 1.116192897683324645e+02
2.750591448975683861e-01 1.304055282654127495e+03 5.443656427687734549e+02 1.099799566927226806e+02
2.850551117562060699e-01 1.199201316139909750e+03 4.845369235077566259e+02 1.025889593212250617e+02
2.950567117222437918e-01 1.103588491038518669e+03 4.310759938091306367e+02 9.666468285365051827e+01
