# k     P0     P2     P4
# Pshot=0.0
# wnorm=0.6764330188251217
# alpha1=0.020434728335044065
# alpha2=0.027602095542415963
7.489519112848944636e-03 1.022554761754934589e+04 9.261078763574007098e+03 3.473265432185368263e+04
1.606577831472441945e-02 3.997630588304401317e+04 4.205163619209266471e+04 -4.943162702588035609e+04
2.566305929284757106e-02 4.363656587048323854e+04 4.196873255199378036e+04 -5.054467931678082095e+03
3.547406197596935512e-02 4.178654071418081003e+04 1.998168369444172276e+04 5.281549631884540759e+03
4.536407469901294898e-02 2.440883756587462631e+04 8.558325966675714881e+03 4.274751591150161403e+03
5.529813676913136744e-02 1.811649812628436121e+04 2.733840428575872465e+03 -6.645759209231859131e+03
6.525906970170659849e-02 1.874400772166051320e+04 9.487062018220034588e+03 2.477237363688698679e+03
7.522583763018902969e-02 1.601407574750857020e+04 8.419314373474950116e+03 -1.990318895049774483e+03
8.520013409482891931e-02 1.250748510660268221e+04 5.786170567179659884e+03 4.104809755971098639e+03
9.517892595161091263e-02 1.015997631205157450e+04 7.597674532907659341e+03 4.764206990911942739e+03
1.051667122353221601e-01 9.041407078034026199e+03 6.719582296536616013e+03 3.704272315246809740e+03
1.151525497149269439e-01 7.891555483919522885e+03 5.781725066051876638e+03 -4.973409085521217321e+01
1.251382427907365980e-01 7.437429813909667246e+03 3.317588421966560873e+03 4.250636642006472812e+02
1.351288343039192263e-01 7.535487687496308354e+03 3.649388327017172742e+03 5.713465118122185231e+02
1.451149978574308719e-01 6.305252296933438629e+03 1.915801644506341972e+03 -2.044509718485366818e+02
1.551096551384904543e-01 5.745276609401601490e+03 2.953875631961200725e+03 -6.415299212364598134e+02
1.651060891713693746e-01 4.893589731278318141e+03 1.556306862440108034e+03 -3.765375604185734346e+02
1.750993520362851830e-01 4.798692182800624323e+03 1.705466807310416016e+03 5.456611902960597718e+02
1.850917299221883916e-01 3.633393934086522677e+03 1.469780110083735053e+03 8.411076809344028788e+02
1.950858372611846692e-01 3.661151753373521387e+03 1.406657981904543021e+03 2.128963428070745522e+03
2.050847103204250510e-01 3.342766135529393523e+03 1.233165005267310789e+03 -9.861018479637843370e+01
2.150791300603934197e-01 3.211226418162048958e+03 1.083961634054375509e+03 3.142794130040797995e+02
2.250737298340816095e-01 2.725272069949029174e+03 1.492219713434635651e+03 4.542229098807850960e+02
2.350712478192589217e-01 2.416826435364879217e+03 1.020894957318390084e+03 9.328849167218369303e+02
2.450684092287566673e-01 2.329940208605613861e+03 4.635790836850446226e+02 8.821663372130641392e+02
2.550643278764182509e-01 2.251211199140671397e+03 1.104414320050826063e+03 2.047595774623039233e+02
2.650619011823741600e-01 2.119596963865637917e+03 8.277763180274771457e+02 2.137448465412539349e+02
2.750591448975686082e-01 1.898431342882728586e+03 -5.023786184215359896e+01 4.475761088877663951e+02
2.850551117562012404e-01 1.687425372862462609e+03 8.351266960915124571e+01 5.027107683548672981e+02
2.950567117222426261e-01 1.754163656248153984e+03 2.258367567953436890e+02 -2.459493584049722017e+02
