# k     P0     P2     P4
# Pshot=7137.23605524436
# wnorm=3.7368881956474995
# alpha1=0.02759870446194261
# alpha2=0.02759870446194261
7.489519112848944636e-03 2.899301838044634496e+04 1.292749524253567506e+04 -1.173074572111057569e+04
1.606577831472441945e-02 2.990551395155345745e+04 -2.537395109797414989e+03 -2.062803445552620542e+04
2.566305929284757106e-02 2.538562735743200756e+04 -2.530128430966695305e+03 -4.780101180792634295e+03
3.547406197596935512e-02 1.733633865324325961e+04 4.165055397338061084e+03 -1.738969329632405788e+03
4.536407469901294898e-02 1.482382067765767351e+04 6.259771819779971338e+03 -4.118284263981184267e+03
5.529813676913136744e-02 1.270636082490259832e+04 6.271798630832932758e+03 -1.467925216618541754e+03
6.525906970170659849e-02 1.176263621347062508e+04 5.835855408854816233e+03 2.150126727877600388e+03
7.522583763018902969e-02 9.575192105465579516e+03 3.297868001034133158e+03 -6.273866858937470852e+02
8.520013409482891931e-02 8.404148843546161515e+03 3.626638910362139995e+03 2.000948607400312653e+02
9.517892595161091263e-02 6.905635808606165483e+03 3.445309488507326932e+03 3.641740991533964689e+02
1.051667122353221601e-01 5.937629775639557920e+03 2.678046031722756197e+03 5.408572045701073705e+01
1.151525497149269439e-01 5.011262499778632446e+03 2.237128722130288679e+03 6.551185230262607320e+02
1.251382427907365980e-01 4.810064250424481543e+03 2.337234952233069635e+03 -3.144496925625304584e+02
1.351288343039192263e-01 4.033768064329775825e+03 1.978637416929269421e+03 -7.239705085278971808e+01
1.451149978574308719e-01 3.768832535160066982e+03 2.162923425530057102e+03 -1.314531623729492082e+02
1.551096551384904543e-01 3.344885429807596211e+03 1.394930248647178360e+03 -2.332645826783837606e+01
1.651060891713693746e-01 2.877593514650310226e+03 1.355858357696876510e+03 6.192946459065909721e+02
1.750993520362851830e-01 2.845787704437580487e+03 1.147794670622302647e+03 8.052948473971067642e+02
1.850917299221883916e-01 2.586068967614372923e+03 1.446715875798781326e+03 5.590298920337188093e+01
1.950858372611846692e-01 2.265411745836763657e+03 9.590660527851118786e+02 3.158645243053020479e+01
2.050847103204250510e-01 2.136642816082148784e+03 9.692149162001342120e+02 3.633975836999159128e+02
2.150791300603934197e-01 1.973433934603604257e+03 9.414279541868685328e+02 6.645653564003462179e+02
2.250737298340816095e-01 1.797623212202886862e+03 6.389370599915802131e+02 2.042905882996645346e+02
2.350712478192589217e-01 1.717005490848202726e+03 8.263277252619333240e+02 3.840338543988996207e+02
2.450684092287566673e-01 1.549722108138937756e+03 6.545130037323995111e+02 1.689478854438694384e+02
2.550643278764182509e-01 1.562433095277709754e+03 5.713176163921334592e+02 3.460023872967284433e+02
2.650619011823741600e-01 1.416636868063519614e+03 3.186062908427201705e+02 -1.834580485891881949e+02
2.750591448975686082e-01 1.322025640974542057e+03 4.257147843520024253e+02 1.602746686129011167e+01
2.850551117562012404e-01 1.213820226156899935e+03 3.505365724707878030e+02 2.179133070865231758e+01
2.950567117222426261e-01 1.104797565364858883e+03 5.484734962122040542e+02 1.887995207791218206e+02
