# k     Q0     Q2
# Pshot=0.0
# wnorm=1.089910354483687
# alpha1=0.0212536679110481
# alpha2=0.02759386426188083
7.489519112848944636e-03 6.085719806018051167e+04 3.507154351748900808e+04
1.606577831472441945e-02 5.880025186382170796e+04 -3.286945526122292358e+04
2.566305929284757106e-02 4.102866472956654616e+04 -6.491518645188352821e+03
3.547406197596935512e-02 3.260538249254651600e+04 1.491747096972369491e+03
4.536407469901294898e-02 2.722341160211051465e+04 5.525160508773534275e+03
5.529813676913136744e-02 2.408145144607002294e+04 4.669353355749361981e+03
6.525906970170659849e-02 2.084877506214252571e+04 9.420982700039672636e+03
7.522583763018902969e-02 1.729128509467411641e+04 -9.241378753012036213e+02
8.520013409482891931e-02 1.602507882393251930e+04 9.085220846124408126e+03
9.517892595161091263e-02 1.170776506962613166e+04 4.600740827139386056e+03
1.051667122353221601e-01 1.153926152957991508e+04 5.326195176175283450e+03
1.151525497149269439e-01 1.026401579463754570e+04 6.400003217587980544e+03
1.251382427907365980e-01 9.216226958113869841e+03 3.735113086957705946e+03
1.351288343039192263e-01 7.840799125104138511e+03 3.975806428591643908e+03
1.451149978574308719e-01 6.661021014539701355e+03 2.608211297740882401e+03
1.551096551384904543e-01 5.587802614082850596e+03 2.953420212642168281e+03
1.651060891713693746e-01 5.180799596907866544e+03 2.121999467690160600e+03
1.750993520362851830e-01 5.128984355257649440e+03 1.853347842265992540e+03
1.850917299221883916e-01 4.500225002213919652e+03 1.132159163765053790e+03
1.950858372611846692e-01 4.000782243677174847e+03 6.394574464365364292e+02
2.050847103204250510e-01 3.991723517790364895e+03 1.917579239871287655e+03
2.150791300603934197e-01 3.516865223061264260e+03 1.574675628886697268e+03
2.250737298340816095e-01 3.300377163002169254e+03 9.441348035722695613e+02
2.350712478192589217e-01 2.939882978573272794e+03 2.339391198129631562e+02
2.450684092287566673e-01 2.624469676629475543e+03 5.719023315914164414e+02
2.550643278764182509e-01 2.621039037720229317e+03 1.339953161374323827e+03
2.650619011823741600e-01 2.249695238603269900e+03 6.516679760699381632e+02
2.750591448975686082e-01 2.285558024467360156e+03 6.746416080595002995e+02
2.850551117562012404e-01 2.159072845577826683e+03 9.192632310603916039e+02
2.950567117222426261e-01 1.811484141063824381e+03 6.032615948511448778e+02
