# k     Q0     Q2
# Pshot=7137.23605524436
# wnorm=3.7368881956474995
# alpha1=0.02759870446194261
# alpha2=0.02759870446194261
7.489519112848944636e-03 3.416401647746060917e+04 4.238053967638941685e+03
1.606577831472441945e-02 2.889055590763445434e+04 -1.781742063240944117e+04
2.566305929284757106e-02 2.437357598504533235e+04 -6.070944120442695748e+03
3.547406197596935512e-02 1.900236081217850005e+04 2.876929967980714991e+03
4.536407469901294898e-02 1.732772940556963295e+04 3.209190883497596587e+03
5.529813676913136744e-02 1.521508027723579471e+04 5.184446618522904828e+03
6.525906970170659849e-02 1.409697837701254684e+04 7.428541873949337969e+03
7.522583763018902969e-02 1.089433930587923169e+04 2.833137122594333960e+03
8.520013409482891931e-02 9.854804407691011875e+03 3.774857325725123246e+03
9.517892595161091263e-02 8.283759604009082977e+03 3.715068080472796282e+03
1.051667122353221601e-01 7.008848188328645847e+03 2.718109528357579620e+03
1.151525497149269439e-01 5.906113988630741005e+03 2.722401702149741595e+03
1.251382427907365980e-01 5.744958231317696118e+03 2.104309254038604649e+03
1.351288343039192263e-01 4.825223031101486413e+03 1.925009971853130082e+03
1.451149978574308719e-01 4.634001905372093461e+03 2.065550712661207399e+03
1.551096551384904543e-01 3.902857529266464553e+03 1.377651390671002673e+03
1.651060891713693746e-01 3.419936857729058374e+03 1.814595132442499335e+03
1.750993520362851830e-01 3.304905572686506730e+03 1.744309372397939342e+03
1.850917299221883916e-01 3.164755317933879724e+03 1.488125497430907217e+03
1.950858372611846692e-01 2.649038166950809682e+03 9.824634249558753254e+02
2.050847103204250510e-01 2.524328782562206470e+03 1.238398311533405831e+03
2.150791300603934197e-01 2.350005116278355672e+03 1.433698588557496123e+03
2.250737298340816095e-01 2.053198036199526086e+03 7.902634216950351629e+02
2.350712478192589217e-01 2.047536580952975328e+03 1.110797247038895875e+03
2.450684092287566673e-01 1.811527309631899016e+03 7.796595855426742219e+02
2.550643278764182509e-01 1.790960141834561909e+03 8.276156810563770705e+02
2.650619011823741600e-01 1.544079384400603885e+03 1.827114400359147908e+02
2.750591448975686082e-01 1.492311554715343391e+03 4.375869820270323771e+02
2.850551117562012404e-01 1.354034855145217080e+03 3.666782989216413853e+02
2.950567117222426261e-01 1.324186963849740323e+03 6.883249930856272840e+02
