# k     Q0     Q2
# Pshot=6200.509507431418
# wnorm=3.909854381855327
# alpha1=0.04994525996580778
# alpha2=0.04994525996580778
7.489519112849040913e-03 2.312445508588317898e+04 8.928470669055381222e+03
1.606577831472411760e-02 3.219765038075234042e+04 1.545522143504646192e+04
2.566305929284705065e-02 2.910987029654338403e+04 1.497527318251615361e+04
3.547406197596878613e-02 2.361589996822720059e+04 1.193531029708316601e+04
4.536407469901365674e-02 1.895046257807453730e+04 9.713770560725932228e+03
5.529813676913161724e-02 1.589135585461397386e+04 7.995844057667731249e+03
6.525906970170512744e-02 1.381188028502162888e+04 6.821042123434546738e+03
7.522583763018984848e-02 1.187221786562143097e+04 5.745565334248592990e+03
8.520013409482914135e-02 9.838780002345412868e+03 4.722224016581521028e+03
9.517892595161110691e-02 8.093701688432640367e+03 3.747656057467374012e+03
1.051667122353206613e-01 6.891828533574192079e+03 3.127762853115960752e+03
1.151525497149245986e-01 6.133420859954314437e+03 2.723049866666049638e+03
1.251382427907392347e-01 5.528972372626803008e+03 2.476120518003979214e+03
1.351288343039163120e-01 4.930284026130278107e+03 2.132292223258516060e+03
1.451149978574327870e-01 4.361205164608402811e+03 1.841859268417023259e+03
1.551096551384889277e-01 3.850244023878399275e+03 1.587767087911064209e+03
1.651060891713686252e-01 3.452983927697751824e+03 1.435712001490898047e+03
1.750993520362841560e-01 3.141443466583496047e+03 1.261168949851187790e+03
1.850917299221912782e-01 2.876566789594905003e+03 1.118367914920889461e+03
1.950858372611871949e-01 2.631443969590186498e+03 9.718125662621374659e+02
2.050847103204223310e-01 2.424706932098458765e+03 8.938601233403046535e+02
2.150791300603901723e-01 2.204007224313397273e+03 7.650224983334045419e+02
2.250737298340859671e-01 2.033351649656166273e+03 6.896061384165545860e+02
2.350712478192618915e-01 1.883730173595834231e+03 6.232863623992584508e+02
2.450684092287588878e-01 1.741770526796738295e+03 5.639580225251912680e+02
2.550643278764201938e-01 1.615658858704084651e+03 4.865384744402209662e+02
2.650619011823764914e-01 1.506486779642817510e+03 4.397824600128810175e+02
2.750591448975683861e-01 1.414111065241913366e+03 4.069849686408668958e+02
2.850551117562060699e-01 1.320177682716990375e+03 3.549941340227468913e+02
2.950567117222437918e-01 1.227320564043581726e+03 2.945029373754634321e+02
