# k     P0     P2     P4
# Pshot=13224.289784870569
# wnorm=5.4967315639063505
# alpha1=0.05001692603503642
# alpha2=0.05001692603503642
7.489519112849040913e-03 6.323611063426813053e+04 8.532196444894922024e+03 1.704672995834978565e+03
1.606577831472411760e-02 6.991726143756971578e+04 2.181818747695824641e+04 2.424522426609260037e+03
2.566305929284705065e-02 6.129373393930515886e+04 2.340629694198577636e+04 2.239310850333678445e+03
3.547406197596878613e-02 4.867971437114249420e+04 1.960039707920977526e+04 1.485801500559157830e+03
4.536407469901365674e-02 3.896105797387078928e+04 1.558856397775577534e+04 1.610480540886634572e+03
5.529813676913161724e-02 3.277569782420646516e+04 1.283248183837998658e+04 1.272414974204951704e+03
6.525906970170512744e-02 2.866790457964793313e+04 1.082001240230407711e+04 9.324020311276640314e+02
7.522583763018984848e-02 2.473004119434953827e+04 9.189941845166604253e+03 6.601580454140803340e+02
8.520013409482914135e-02 2.066269985586683470e+04 7.669053713433670964e+03 6.130788314699909733e+02
9.517892595161110691e-02 1.718175060515040968e+04 6.401322639119169253e+03 5.961134294883746634e+02
1.051667122353206613e-01 1.476657594352526212e+04 5.413935819182031992e+03 5.532813200269832805e+02
1.151525497149245986e-01 1.317549037543118902e+04 4.638191094823548156e+03 5.308185520500678649e+02
1.251382427907392347e-01 1.196804039077611378e+04 4.025225999867591327e+03 4.440151506159451742e+02
1.351288343039163120e-01 1.081086670667470389e+04 3.517008845796222431e+03 3.907369150085406773e+02
1.451149978574327870e-01 9.625811686713237577e+03 3.088706298328836965e+03 3.790636879960117085e+02
1.551096551384889277e-01 8.553678151839651036e+03 2.751701182844625691e+03 3.162058848961639796e+02
1.651060891713686252e-01 7.700985310487736569e+03 2.468536333818430649e+03 3.103220950929105584e+02
1.750993520362841560e-01 7.058900049312152987e+03 2.183800120128832532e+03 3.087278565573888613e+02
1.850917299221912782e-01 6.526323864048734322e+03 1.886380647892410934e+03 3.120772623671799693e+02
1.950858372611871949e-01 6.029479072550318051e+03 1.649931953738044058e+03 2.845336136844139219e+02
2.050847103204223310e-01 5.557098948459413805e+03 1.486867227827202896e+03 2.630197301988760046e+02
2.150791300603901723e-01 5.114204165914003170e+03 1.326236352888234251e+03 2.328913077954081245e+02
2.250737298340859671e-01 4.728104168660008327e+03 1.187839413740639429e+03 2.223503911713551702e+02
2.350712478192618915e-01 4.394459616405343695e+03 1.036530728830705129e+03 2.112291318840373435e+02
2.450684092287588878e-01 4.109551878735929677e+03 9.020256920041709918e+02 1.843883690414459409e+02
2.550643278764201938e-01 3.844843547569259044e+03 7.888272899059559222e+02 1.985717415152727199e+02
2.650619011823764914e-01 3.602974902871699214e+03 6.777280016253289432e+02 1.711730831969451287e+02
2.750591448975683861e-01 3.372242669192678477e+03 5.865831681577285508e+02 1.699703163064570504e+02
2.850551117562060699e-01 3.168498442409366362e+03 4.987261330452943753e+02 1.656623285069383371e+02
2.950567117222437918e-01 2.981422709395713355e+03 4.178263978563528553e+02 1.552562034003540816e+02
