# k     Q0     Q2
# Pshot=12884.369934290853
# wnorm=2.562977987866361
# alpha1=0.050151088147541885
# alpha2=0.050151088147541885
7.489519112849040913e-03 6.081951833059819182e+04 6.615479172310550894e+03
1.606577831472411760e-02 7.553305641869475949e+04 2.186985040197846683e+04
2.566305929284705065e-02 6.792177486594331276e+04 2.246494440308122284e+04
3.547406197596878613e-02 5.491450308949340251e+04 1.913982353744780630e+04
4.536407469901365674e-02 4.421905543842414772e+04 1.576048493465188039e+04
5.529813676913161724e-02 3.704592038512254658e+04 1.300398783480014390e+04
6.525906970170512744e-02 3.233812358333465454e+04 1.114264636047835302e+04
7.522583763018984848e-02 2.778897929200056387e+04 9.392815044465263782e+03
8.520013409482914135e-02 2.320088663478286617e+04 7.706445724859208894e+03
9.517892595161110691e-02 1.937432908068198230e+04 6.532268348179862187e+03
1.051667122353206613e-01 1.660514281302696691e+04 5.557324993013166022e+03
1.151525497149245986e-01 1.469717341009710435e+04 4.718514638121079770e+03
1.251382427907392347e-01 1.327272430644256565e+04 4.160681872662054957e+03
1.351288343039163120e-01 1.192927066761640344e+04 3.676270472402753967e+03
1.451149978574327870e-01 1.059912808838251658e+04 3.229265685570943788e+03
1.551096551384889277e-01 9.414572715249401881e+03 2.902548228985684545e+03
1.651060891713686252e-01 8.457539104129222324e+03 2.567253276799408923e+03
1.750993520362841560e-01 7.709117753483150409e+03 2.311340205556113233e+03
1.850917299221912782e-01 7.073660866935154445e+03 2.017213452746517760e+03
1.950858372611871949e-01 6.503885045309679299e+03 1.804699492561158422e+03
2.050847103204223310e-01 5.957313235286862437e+03 1.604815138251668259e+03
2.150791300603901723e-01 5.474885367845740802e+03 1.454475478550229582e+03
2.250737298340859671e-01 5.033856460494152088e+03 1.286206962665595256e+03
2.350712478192618915e-01 4.659502599895277854e+03 1.168674972877173559e+03
2.450684092287588878e-01 4.322354434623863199e+03 1.028343419436539307e+03
2.550643278764201938e-01 4.015038050890914747e+03 8.910922797050055806e+02
2.650619011823764914e-01 3.723191817001081290e+03 7.862161743662878735e+02
2.750591448975683861e-01 3.463879334025256412e+03 7.015979382346090460e+02
2.850551117562060699e-01 3.230512659028696362e+03 5.957701161624850101e+02
2.950567117222437918e-01 3.018016894620523544e+03 5.067647171864430220e+02
