# k     P0     P2     P4
# Pshot=12884.369934290853
# wnorm=2.562977987866361
# alpha1=0.050151088147541885
# alpha2=0.050151088147541885
7.489519112849040913e-03 5.773343927003101271e+04 7.715197651418258829e+03 -1.484619946795388159e+03
1.606577831472411760e-02 6.698968043615881470e+04 2.135843995633966551e+04 6.904041016123568397e+02
2.566305929284705065e-02 5.932288547167355136e+04 2.149722348567431618e+04 1.306423238499373156e+03
3.547406197596878613e-02 4.760422889091921388e+04 1.827568549643561346e+04 1.166586355366426915e+03
4.536407469901365674e-02 3.813957757265816326e+04 1.519869466441490113e+04 7.584168648199046174e+02
5.529813676913161724e-02 3.214943523602518326e+04 1.224121287274333190e+04 1.029746198776668507e+03
6.525906970170512744e-02 2.810989182339239414e+04 1.057057939985555277e+04 7.722903968407742923e+02
7.522583763018984848e-02 2.422303456833005839e+04 8.914861809176318275e+03 6.452368676400701588e+02
8.520013409482914135e-02 2.026671010268390455e+04 7.335441330247409496e+03 5.008559327259494012e+02
9.517892595161110691e-02 1.688656538817459295e+04 6.219409231268503390e+03 4.223598078303294301e+02
1.051667122353206613e-01 1.451195041426974240e+04 5.232980996893084921e+03 4.378643947621055759e+02
1.151525497149245986e-01 1.293280582376739221e+04 4.410918965824263978e+03 4.152541576006918831e+02
1.251382427907392347e-01 1.172518240293750569e+04 3.868854758762719939e+03 3.939666037640936338e+02
1.351288343039163120e-01 1.058110992854234610e+04 3.370401847685139728e+03 4.129226433687830422e+02
1.451149978574327870e-01 9.401064145504009502e+03 2.995159857196229950e+03 3.160428683058574961e+02
1.551096551384889277e-01 8.354064910505141597e+03 2.651269511860657985e+03 3.392262681187856970e+02
1.651060891713686252e-01 7.519136578451875721e+03 2.346006314193385151e+03 2.986833995181291925e+02
1.750993520362841560e-01 6.872289500084787505e+03 2.092070633495943639e+03 2.960139222812290427e+02
1.850917299221912782e-01 6.345367299872864351e+03 1.820733917655734103e+03 2.652473723725556169e+02
1.950858372611871949e-01 5.858584456711369967e+03 1.613251471495781743e+03 2.584548284382626662e+02
2.050847103204223310e-01 5.387064459639153938e+03 1.425621939119280796e+03 2.419108188287215739e+02
2.150791300603901723e-01 4.963305379490152518e+03 1.278949970888978442e+03 2.369594353426889768e+02
2.250737298340859671e-01 4.582181603565307341e+03 1.129187142322111185e+03 2.119767574637026826e+02
2.350712478192618915e-01 4.252058620268625418e+03 1.018609949066647687e+03 2.025877821442089726e+02
2.450684092287588878e-01 3.970049235374603541e+03 8.807629981231641523e+02 1.992335687730613927e+02
2.550643278764201938e-01 3.711248572875906120e+03 7.594736950375424840e+02 1.776850893010760899e+02
2.650619011823764914e-01 3.461192562212088887e+03 6.549981369725019249e+02 1.771443504816108998e+02
2.750591448975683861e-01 3.238561463353913950e+03 5.632946766783784369e+02 1.867094031009120840e+02
2.850551117562060699e-01 3.042142308070507625e+03 4.709258773954761637e+02 1.685397223354588903e+02
2.950567117222437918e-01 2.855297138069197445e+03 4.067993913783101902e+02 1.349531898409804000e+02
