# k     Q0     Q2
# Pshot=0.0
# wnorm=1.1572276044284722
# alpha1=0.050151088147541885
# alpha2=0.05002521685764392
7.489519112849040913e-03 3.719661692398483865e+04 1.109615890029331968e+04
1.606577831472411760e-02 5.075125134217520826e+04 2.204627170947290870e+04
2.566305929284705065e-02 4.484805199659583741e+04 1.912792392626183573e+04
3.547406197596878613e-02 3.623526942238703487e+04 1.649255651944208512e+04
4.536407469901365674e-02 2.852774922330041227e+04 1.309043687164963376e+04
5.529813676913161724e-02 2.354582731305580455e+04 1.065796524507818685e+04
6.525906970170512744e-02 2.041251789503817417e+04 9.078844003394062383e+03
7.522583763018984848e-02 1.744769052153766097e+04 7.771570220246114332e+03
8.520013409482914135e-02 1.422793496542658067e+04 6.221261123001496344e+03
9.517892595161110691e-02 1.156497585491276368e+04 5.087882948719751766e+03
1.051667122353206613e-01 9.786141237221068877e+03 4.363519880449139237e+03
1.151525497149245986e-01 8.508123158050604616e+03 3.719500554808026209e+03
1.251382427907392347e-01 7.625483471447574630e+03 3.339271645167577390e+03
1.351288343039163120e-01 6.748992400032791920e+03 2.867615685473991562e+03
1.451149978574327870e-01 5.867072273622889952e+03 2.558698087546791612e+03
1.551096551384889277e-01 5.120699020800241669e+03 2.267671314070473727e+03
1.651060891713686252e-01 4.486156713957049760e+03 1.967838954115494289e+03
1.750993520362841560e-01 4.029532080120755381e+03 1.764516537732693905e+03
1.850917299221912782e-01 3.653637550333466606e+03 1.556474099699306180e+03
1.950858372611871949e-01 3.301903644194835124e+03 1.420474366330414114e+03
2.050847103204223310e-01 2.969618196803905903e+03 1.252074046494363529e+03
2.150791300603901723e-01 2.673997686489211446e+03 1.130385766871575925e+03
2.250737298340859671e-01 2.428883240397863574e+03 1.074417584946199213e+03
2.350712478192618915e-01 2.190414482846841565e+03 9.551200516554965816e+02
2.450684092287588878e-01 1.992039961685520893e+03 8.362863540654420831e+02
2.550643278764201938e-01 1.835282141352121243e+03 7.720166002254403566e+02
2.650619011823764914e-01 1.677414230264402249e+03 6.990067163500625611e+02
2.750591448975683861e-01 1.523007102816451606e+03 6.285447909514330149e+02
2.850551117562060699e-01 1.394248221794235178e+03 5.635301297202690876e+02
2.950567117222437918e-01 1.282960439763802697e+03 5.096347406509976281e+02
