# k     Q0     Q2
# Pshot=7493.935760049015
# wnorm=3.84608661632894
# alpha1=0.027598704461936772
# alpha2=0.027598704461936772
7.489519112848944636e-03 1.118440214285246839e+04 -1.542002482301573400e+04
1.606577831472441945e-02 2.542220519113434057e+04 -2.550221055362623883e+04
2.566305929284757106e-02 3.030050288923834160e+04 4.688612928157343049e+03
3.547406197596935512e-02 2.323337103383772774e+04 4.550892358419307129e+03
4.536407469901294898e-02 1.764296621351553404e+04 6.485648348083545898e+03
5.529813676913136744e-02 1.261442137271455431e+04 1.953502130302803380e+03
6.525906970170659849e-02 1.174098606489500526e+04 4.926370066072272493e+03
7.522583763018902969e-02 1.077046210044857617e+04 4.125146969247945890e+03
8.520013409482891931e-02 8.693543870541465367e+03 4.329307044207379477e+03
9.517892595161091263e-02 7.961265154721312683e+03 4.113756219416814019e+03
1.051667122353221601e-01 7.993559068322772873e+03 4.548394760640178902e+03
1.151525497149269439e-01 6.612188056431537916e+03 1.792504240954683837e+03
1.251382427907365980e-01 5.684995880319512253e+03 2.203610302300110561e+03
1.351288343039192263e-01 4.723850267262452689e+03 1.062671343958625130e+03
1.451149978574308719e-01 4.474708212460047434e+03 2.342946840587733277e+03
1.551096551384904543e-01 4.263352157991774220e+03 2.689295142329651753e+03
1.651060891713693746e-01 3.892984574703158160e+03 1.892210552848362340e+03
1.750993520362851830e-01 3.346658483630440060e+03 9.609533962462564887e+02
1.850917299221883916e-01 2.916966821185084427e+03 4.184989989703880724e+02
1.950858372611846692e-01 2.916989812039350909e+03 8.086186555361482533e+02
2.050847103204250510e-01 2.499621473757100375e+03 7.647812623626145978e+02
2.150791300603934197e-01 2.303797022800328705e+03 1.075496051819524837e+03
2.250737298340816095e-01 2.245409436102984273e+03 1.066269729962863948e+03
2.350712478192589217e-01 2.007056384730382433e+03 9.300351679562853633e+02
2.450684092287566673e-01 1.607009562208094394e+03 2.168918876297156828e+01
2.550643278764182509e-01 1.588357603297792366e+03 1.263078589312585791e+02
2.650619011823741600e-01 1.604246866590012132e+03 5.636686903514691949e+02
2.750591448975686082e-01 1.320676135583223186e+03 2.647842148727548306e+01
2.850551117562012404e-01 1.398790866214140351e+03 2.530099834388923910e+02
2.950567117222426261e-01 1.369109289218047707e+03 6.145131072175719282e+02
