# k     P0     P2     P4
# Pshot=7493.935760049015
# wnorm=3.84608661632894
# alpha1=0.027598704461936772
# alpha2=0.027598704461936772
7.489519112848944636e-03 1.316106078765902384e+04 -4.941646612016390463e+03 -1.414581058484910864e+04
1.606577831472441945e-02 2.680644515331094954e+04 -3.460599905441526971e+03 -2.975617437504935515e+04
2.566305929284757106e-02 2.379390205163637438e+04 1.626650209400492531e+04 -1.563015037389423196e+04
3.547406197596935512e-02 2.213709123314918907e+04 2.740699501721348042e+03 2.443760356542244153e+03
4.536407469901294898e-02 1.649819023613347599e+04 2.861939943455144203e+03 4.892006346248341288e+03
5.529813676913136744e-02 1.172697995373366030e+04 2.218603547452235034e+03 -3.578869131517324718e+02
6.525906970170659849e-02 9.987519531136716978e+03 4.383666334395723425e+03 7.326500377633415155e+02
7.522583763018902969e-02 9.243261834282533528e+03 3.818000665415108870e+03 4.146475101743300229e+02
8.520013409482891931e-02 7.278498133462102487e+03 3.537614342698408564e+03 1.068785147037110391e+03
9.517892595161091263e-02 6.522733285881916345e+03 3.596329672098490846e+03 6.985258388797361704e+02
1.051667122353221601e-01 6.226988599780675941e+03 4.416426171355244151e+03 1.781575955346624198e+02
1.151525497149269439e-01 5.623218914933116139e+03 2.472422853746054443e+03 -9.178901272683500565e+02
1.251382427907365980e-01 4.672817550623340139e+03 2.530445824240431648e+03 -4.412279546194332625e+02
1.351288343039192263e-01 4.202434172425964789e+03 1.303540237091219979e+03 -3.251730057290030800e+02
1.451149978574308719e-01 3.639425262259679130e+03 2.088207375500921444e+03 3.438982778671959295e+02
1.551096551384904543e-01 3.294438924542599125e+03 2.422283083622937738e+03 3.604662792540638065e+02
1.651060891713693746e-01 3.029152840928502883e+03 2.159579334436638419e+03 -3.609478551441726495e+02
1.750993520362851830e-01 2.774108811540769693e+03 1.431374180224176371e+03 -6.350680583701916930e+02
1.850917299221883916e-01 2.603623609133872833e+03 7.833580301280289859e+02 -4.925596920628150883e+02
1.950858372611846692e-01 2.587612646622001193e+03 8.234429135433745159e+02 -2.001274830975546237e+01
2.050847103204250510e-01 2.215386371366650110e+03 7.105877559761254361e+02 7.316123362176035982e+01
2.150791300603934197e-01 1.938898082870829739e+03 9.122473498237474132e+02 2.203857476942994822e+02
2.250737298340816095e-01 1.909933819670699222e+03 8.386890410807127409e+02 3.072339299909039596e+02
2.350712478192589217e-01 1.683584722171391149e+03 8.086791563974783230e+02 1.638306156043894646e+02
2.450684092287566673e-01 1.551431073558560456e+03 1.389462216238349868e+02 -1.582969943621655773e+02
2.550643278764182509e-01 1.477116538928016325e+03 2.781026609244403858e+02 -2.049229826907953793e+02
2.650619011823741600e-01 1.379447589600664969e+03 5.619981924733677943e+02 2.255172135436874115e+00
2.750591448975686082e-01 1.232623585407075325e+03 2.201313754403695100e+02 -2.614314878366768653e+02
2.850551117562012404e-01 1.250659433024941563e+03 3.703285829729969123e+02 -1.583801093710410441e+02
2.950567117222426261e-01 1.146633896570202523e+03 5.561884816196130714e+02 7.873824455724445670e+01
