# k     Q0     Q2
# Pshot=15195.871177465526
# wnorm=5.139677068419433
# alpha1=0.020434728335044065
# alpha2=0.020434728335044065
7.489519112848944636e-03 1.225892907017676916e+05 1.174647155798425520e+05
1.606577831472441945e-02 7.851188702093648317e+04 3.248536897639979361e+04
2.566305929284757106e-02 6.583642544743664621e+04 2.357484354168545542e+04
3.547406197596935512e-02 5.798869380149565404e+04 2.645041269048128379e+04
4.536407469901294898e-02 4.343688345356591162e+04 1.430536697281164743e+04
5.529813676913136744e-02 3.807268100275176403e+04 1.410222849293615764e+04
6.525906970170659849e-02 3.354000820967728214e+04 1.189005530196135987e+04
7.522583763018902969e-02 2.804021697968749868e+04 7.736665899635781898e+03
8.520013409482891931e-02 2.434035936471117020e+04 8.159702207660157001e+03
9.517892595161091263e-02 2.072832434644607929e+04 5.369838342890998319e+03
1.051667122353221601e-01 1.754250805453144494e+04 4.866524150362307410e+03
1.151525497149269439e-01 1.575125546047379612e+04 4.791368622957063053e+03
1.251382427907365980e-01 1.478924352144069962e+04 3.728240009422646381e+03
1.351288343039192263e-01 1.292239778354000009e+04 3.618560549148699920e+03
1.451149978574308719e-01 1.149020940497779338e+04 3.462839047290947747e+03
1.551096551384904543e-01 1.005694204853875453e+04 2.302791105959859124e+03
1.651060891713693746e-01 9.041355279882533068e+03 2.994370168269471378e+03
1.750993520362851830e-01 8.526814024199973574e+03 2.925523278059382392e+03
1.850917299221883916e-01 7.942553234088411955e+03 2.306618572186585425e+03
1.950858372611846692e-01 7.385229981761903218e+03 2.187121800487175278e+03
2.050847103204250510e-01 6.670878795487958996e+03 1.568364034385437890e+03
2.150791300603934197e-01 6.026371135013067033e+03 1.637134420685611531e+03
2.250737298340816095e-01 5.688091749135332066e+03 1.742110979542884479e+03
2.350712478192589217e-01 5.143349535042115349e+03 1.535129699649143959e+03
2.450684092287566673e-01 4.926261440905524069e+03 1.019674343659450869e+03
2.550643278764182509e-01 4.671901244828908602e+03 1.110334572477157963e+03
2.650619011823741600e-01 4.306612331170136713e+03 8.611235823361120083e+02
2.750591448975686082e-01 4.061660186558903661e+03 7.986761558146625930e+02
2.850551117562012404e-01 3.560564931293234167e+03 6.972777799061198039e+02
2.950567117222426261e-01 3.442051557317335664e+03 6.391889086078722357e+02
