# k     P0     P2     P4
# Pshot=0.0
# wnorm=0.6764330188251217
# alpha1=0.020434728335044065
# alpha2=0.027602095542415963
7.489519112848944636e-03 2.383319690405056463e+03 -1.113025780886897519e+04 2.465331120149153503e+04
1.606577831472441945e-02 3.447449686337125604e+04 2.420870260803455312e+04 -6.462909649839856138e+04
2.566305929284757106e-02 4.143077105581004434e+04 3.397470710467817116e+04 -1.466518394106828055e+04
3.547406197596935512e-02 4.089362909329368995e+04 1.638056996099054049e+04 5.669763933078986611e+02
4.536407469901294898e-02 2.393605267886384172e+04 6.651074074527944504e+03 1.558780361653690761e+03
5.529813676913136744e-02 1.784831175079557579e+04 1.652122056215784369e+03 -8.446742870134034092e+03
6.525906970170659849e-02 1.857119833527578521e+04 8.816251459535074900e+03 1.431071818703578174e+03
7.522583763018902969e-02 1.590243004668589856e+04 7.915612301856613158e+03 -2.687558649490684274e+03
8.520013409482891931e-02 1.240067365797168713e+04 5.437162286164886609e+03 3.568026591330564315e+03
9.517892595161091263e-02 1.009292135158389465e+04 7.353161374935237291e+03 4.511670287721628483e+03
1.051667122353221601e-01 9.016884555569795339e+03 6.580936375768995276e+03 3.540943869474775511e+03
1.151525497149269439e-01 7.860821460138114162e+03 5.654812045858910096e+03 -1.787202673621451368e+02
1.251382427907365980e-01 7.403495111492858996e+03 3.219946029537457434e+03 3.407229798803562630e+02
1.351288343039192263e-01 7.518640602648652020e+03 3.610050906255349219e+03 5.003357543621418131e+02
1.451149978574308719e-01 6.286882951063550536e+03 1.862201239046722776e+03 -3.545604338367606942e+02
1.551096551384904543e-01 5.743999090499795784e+03 2.902883664557903558e+03 -6.683805956478050803e+02
1.651060891713693746e-01 4.868799195657189557e+03 1.515792093023727375e+03 -4.046861797339709597e+02
1.750993520362851830e-01 4.799697869741824434e+03 1.669034198307067527e+03 4.932442069569702312e+02
1.850917299221883916e-01 3.630103183451348741e+03 1.464937228750934764e+03 8.014390175819357864e+02
1.950858372611846692e-01 3.656066313873498984e+03 1.377669088147854382e+03 2.080379400333125432e+03
2.050847103204250510e-01 3.341517425130609809e+03 1.213917842349225793e+03 -1.198995347611935927e+02
2.150791300603934197e-01 3.202501215135187977e+03 1.084606138510665687e+03 2.798813627216588316e+02
2.250737298340816095e-01 2.717106690375685957e+03 1.507448553154352112e+03 4.292851945653360417e+02
2.350712478192589217e-01 2.415729788243413168e+03 1.019661514771196153e+03 9.017902097346740220e+02
2.450684092287566673e-01 2.324871638180754871e+03 4.519175534210184537e+02 8.720342830832661321e+02
2.550643278764182509e-01 2.252575168269320329e+03 1.093043628278886445e+03 1.932628310316906948e+02
2.650619011823741600e-01 2.113533430821930779e+03 8.226005311895769410e+02 1.874860037455226802e+02
2.750591448975686082e-01 1.894757425443425518e+03 -5.268844502705415067e+01 4.251652683776297863e+02
2.850551117562012404e-01 1.692710718820033435e+03 8.489409643377273085e+01 4.802579746131639808e+02
2.950567117222426261e-01 1.751757394011198812e+03 2.327141286599846524e+02 -2.429820154509945098e+02
