# k     Q0     Q2
# Pshot=14941.77945197184
# wnorm=2.409564117094445
# alpha1=0.0212536679110481
# alpha2=0.0212536679110481
7.489519112848944636e-03 8.997148808722417743e+04 3.642318964842207060e+04
1.606577831472441945e-02 7.939844271957079764e+04 3.221425594416184686e+04
2.566305929284757106e-02 6.278460759187641816e+04 4.850197971363090801e+03
3.547406197596935512e-02 4.873931487254890089e+04 3.745624606725832564e+02
4.536407469901294898e-02 4.329361633945378708e+04 1.875079611639630093e+04
5.529813676913136744e-02 3.756607759735216678e+04 1.741093922371478402e+04
6.525906970170659849e-02 3.126448171799028569e+04 8.979950732449764473e+03
7.522583763018902969e-02 2.898085090958292858e+04 1.028717671685839559e+04
8.520013409482891931e-02 2.463092850843338965e+04 1.137966807065693865e+04
9.517892595161091263e-02 2.027739584146822017e+04 9.976505605086833384e+03
1.051667122353221601e-01 1.758648113187177296e+04 7.085520859533999101e+03
1.151525497149269439e-01 1.609346771747754792e+04 6.281974139315786488e+03
1.251382427907365980e-01 1.425665688204787330e+04 4.433501011159143673e+03
1.351288343039192263e-01 1.268429153573307849e+04 3.466320580001226517e+03
1.451149978574308719e-01 1.088785605798100005e+04 2.860160255715132280e+03
1.551096551384904543e-01 1.010653743241974735e+04 3.779040171218564410e+03
1.651060891713693746e-01 8.612691084366993891e+03 2.474636409170539537e+03
1.750993520362851830e-01 8.080613830504854377e+03 2.152123520937111152e+03
1.850917299221883916e-01 7.629360293499825275e+03 1.794921050571279920e+03
1.950858372611846692e-01 6.820677450840146776e+03 1.184079898883769374e+03
2.050847103204250510e-01 6.518824566866262103e+03 1.516583163608939003e+03
2.150791300603934197e-01 5.827036654316666500e+03 9.421569957526266990e+02
2.250737298340816095e-01 5.452995232708572075e+03 1.046018397142867343e+03
2.350712478192589217e-01 5.189359286939370577e+03 7.206766604748002010e+02
2.450684092287566673e-01 4.897322515046477747e+03 1.702458747494279578e+03
2.550643278764182509e-01 4.726857195950249661e+03 1.052558687444931593e+03
2.650619011823741600e-01 4.288140302558751500e+03 1.088827339746515236e+03
2.750591448975686082e-01 3.943091346994470314e+03 8.499689627171243274e+02
2.850551117562012404e-01 3.634770638555038659e+03 7.820699172978984279e+02
2.950567117222426261e-01 3.320328090167681694e+03 4.523429676528995742e+02
