# k     P0     P2     P4
# Pshot=0.0
# wnorm=1.089910354483687
# alpha1=0.0212536679110481
# alpha2=0.02759386426188083
7.489519112848944636e-03 3.890060268993877253e+04 2.789294262172750678e+04 -1.702918718586783871e+04
1.606577831472441945e-02 5.314283659572414763e+04 -6.512921807200703370e+03 -6.022826134984422970e+04
2.566305929284757106e-02 3.996744724870489154e+04 -6.980509247307780242e+03 -1.280341460778645524e+04
3.547406197596935512e-02 2.978926502844975039e+04 2.073469910906041605e+03 -7.920553827357438422e+03
4.536407469901294898e-02 2.305962953584661591e+04 7.778506534384584484e+03 -7.165326367680370822e+03
5.529813676913136744e-02 2.022827267998997195e+04 8.136982576230911036e+03 -7.189022944548160922e+03
6.525906970170659849e-02 1.798279435512009513e+04 6.177377455118933540e+03 2.779953554100898145e+03
7.522583763018902969e-02 1.608428957032916333e+04 2.390485494891008329e+03 -5.383269936268015044e+03
8.520013409482891931e-02 1.319258279198468699e+04 6.557862255730569814e+03 2.681915132299179277e+03
9.517892595161091263e-02 9.999465326705643747e+03 3.896930354982123845e+03 4.168973065259434634e+02
1.051667122353221601e-01 9.568531434145979802e+03 4.638556575844785584e+03 5.580759742784998707e+02
1.151525497149269439e-01 8.300515580715689794e+03 4.746355976951490447e+03 2.003057758419339279e+03
1.251382427907365980e-01 7.968654564892868621e+03 3.010856550938452528e+03 7.866286205554291655e+02
1.351288343039192263e-01 6.558067901471767073e+03 3.106031806727332423e+03 1.041499285396226924e+03
1.451149978574308719e-01 5.723375569232999624e+03 2.278055107879359639e+03 3.262241614777570931e+02
1.551096551384904543e-01 4.721063778744889532e+03 2.069618632459558285e+03 1.089389169613185004e+03
1.651060891713693746e-01 4.584324504252228508e+03 1.462481662765710780e+03 8.592000804685168305e+02
1.750993520362851830e-01 4.598639620531488617e+03 1.273000522405634001e+03 7.481071681902774344e+02
1.850917299221883916e-01 4.006500586378279422e+03 1.182967620728161137e+03 -1.076480181056344776e+02
1.950858372611846692e-01 3.580319120071457291e+03 9.970451381511421687e+02 -5.382609893863299249e+02
2.050847103204250510e-01 3.399707483137442978e+03 1.443473267498919540e+03 6.172979878906566000e+02
2.150791300603934197e-01 2.945443391039299058e+03 1.386572801602690333e+03 2.411497093644456697e+02
2.250737298340816095e-01 2.927176890376207211e+03 8.805225190737915000e+02 3.411199810650305153e+01
2.350712478192589217e-01 2.665386536093211816e+03 6.678796598352491856e+02 -6.153261649020761297e+02
2.450684092287566673e-01 2.319692298167846729e+03 7.671771228811785477e+02 -2.684233267198724207e+02
2.550643278764182509e-01 2.291136688677644543e+03 8.097011969153222708e+02 7.017611951796199037e+02
2.650619011823741600e-01 2.051335701777522445e+03 4.639764939186653692e+02 2.216591545572741211e+02
2.750591448975686082e-01 2.100773556675157579e+03 4.427180397057115897e+02 2.840694564882949180e+02
2.850551117562012404e-01 1.879921243284987895e+03 6.865806200511466386e+02 2.990027009534358626e+02
2.950567117222426261e-01 1.653367891556516952e+03 3.874555892253484899e+02 2.766494406454251589e+02
