# k     Q0     Q2
# Pshot=0.0
# wnorm=1.089910354483687
# alpha1=0.0212536679110481
# alpha2=0.02759386426188083
7.489519112848944636e-03 5.005777973862977524e+04 1.527872989145503016e+04
1.606577831472441945e-02 5.053766787284386373e+04 -5.112644873301126063e+04
2.566305929284757106e-02 3.717524354978177871e+04 -1.646452006789034203e+04
3.547406197596935512e-02 3.061865299281216721e+04 -3.793606998247617867e+03
4.536407469901294898e-02 2.617103214960044716e+04 2.470857373139863739e+03
5.529813676913136744e-02 2.348306571048233673e+04 2.811780395084123484e+03
6.525906970170659849e-02 2.045374533716766746e+04 8.236602310008487621e+03
7.522583763018902969e-02 1.704048376828556502e+04 -1.597121865307522512e+03
8.520013409482891931e-02 1.581572769427691492e+04 8.544466057433666720e+03
9.517892595161091263e-02 1.155823746869849310e+04 4.205743174630971225e+03
1.051667122353221601e-01 1.142395406448389440e+04 5.051946186421451785e+03
1.151525497149269439e-01 1.019905797149628597e+04 6.230102464669519577e+03
1.251382427907365980e-01 9.172997185268250178e+03 3.593544418016548207e+03
1.351288343039192263e-01 7.800480624162699314e+03 3.877512758872685936e+03
1.451149978574308719e-01 6.634597612384743115e+03 2.519702634899920668e+03
1.551096551384904543e-01 5.548911231728712664e+03 2.876573572913769567e+03
1.651060891713693746e-01 5.169317169358512729e+03 2.098926166816464047e+03
1.750993520362851830e-01 5.107839829493742400e+03 1.827153980324358145e+03
1.850917299221883916e-01 4.479687634669543513e+03 1.103228348057320773e+03
1.950858372611846692e-01 3.979137175331914023e+03 5.983332941612679861e+02
2.050847103204250510e-01 3.977096790137010430e+03 1.900731036306813394e+03
2.150791300603934197e-01 3.500072511680375101e+03 1.565202215946724209e+03
2.250737298340816095e-01 3.279385898005723902e+03 9.057906658193493286e+02
2.350712478192589217e-01 2.932538400027311582e+03 2.120825006485260360e+02
2.450684092287566673e-01 2.626563147320317967e+03 5.683450290146063253e+02
2.550643278764182509e-01 2.615017167443773360e+03 1.329524304455781476e+03
2.650619011823741600e-01 2.236926299344988365e+03 6.281684602573869824e+02
2.750591448975686082e-01 2.277860772557442033e+03 6.531398593266708303e+02
2.850551117562012404e-01 2.154553491305446641e+03 9.080641022388770125e+02
2.950567117222426261e-01 1.808350127246656257e+03 5.923811008145523829e+02
