# k     Q0     Q2
# Pshot=7501.359579148184
# wnorm=3.841079105000774
# alpha1=0.038617926693288396
# alpha2=0.038617926693288396
7.489519112849040913e-03 6.825303939289039590e+03 -7.868422587144887984e+03
1.606577831472411760e-02 2.275661546988609189e+04 -4.717730489591839614e+03
2.566305929284705065e-02 2.438946787063667580e+04 3.310769068689198775e+03
3.547406197596878613e-02 2.133330964283525100e+04 5.585453115217967934e+03
4.536407469901365674e-02 1.761862239406964727e+04 6.116270678958279859e+03
5.529813676913161724e-02 1.502316109672469793e+04 5.564759272580381548e+03
6.525906970170512744e-02 1.329020919719843369e+04 5.227221988200590204e+03
7.522583763018984848e-02 1.146405169624950940e+04 4.486672140127930106e+03
8.520013409482914135e-02 9.552548627949885486e+03 3.782640184129705631e+03
9.517892595161110691e-02 7.902369534317587750e+03 3.129756063269398055e+03
1.051667122353206613e-01 6.760445380986333475e+03 2.660276802695214883e+03
1.151525497149245986e-01 5.987708555658808109e+03 2.312972059940246254e+03
1.251382427907392347e-01 5.419185856680440338e+03 2.119010104663047059e+03
1.351288343039163120e-01 4.849863960023446452e+03 1.837101242684994531e+03
1.451149978574327870e-01 4.295553768238044540e+03 1.622151187214000174e+03
1.551096551384889277e-01 3.790985648114885862e+03 1.395224552552558407e+03
1.651060891713686252e-01 3.401494076319596843e+03 1.254546741561319322e+03
1.750993520362841560e-01 3.098219360376853274e+03 1.094848439264806302e+03
1.850917299221912782e-01 2.851203931489229490e+03 9.967366213178238468e+02
1.950858372611871949e-01 2.607964775621107492e+03 8.735813775363493505e+02
2.050847103204223310e-01 2.390007109453822522e+03 7.651575802905510955e+02
2.150791300603901723e-01 2.184620101523545600e+03 6.810212558570563033e+02
2.250737298340859671e-01 2.004252515750750035e+03 6.129210293652787414e+02
2.350712478192618915e-01 1.866246806215868673e+03 5.659233890912023526e+02
2.450684092287588878e-01 1.725970415403481184e+03 4.898342562233549415e+02
2.550643278764201938e-01 1.608980146265747408e+03 4.206994625066395770e+02
2.650619011823764914e-01 1.500311238091549967e+03 3.724648390390074724e+02
2.750591448975683861e-01 1.397944694812916850e+03 3.286697391813507352e+02
2.850551117562060699e-01 1.302442201728432565e+03 2.925144089421622766e+02
2.950567117222437918e-01 1.220816844175983078e+03 2.606527126267830567e+02
