# k     P0     P2     P4
# Pshot=13644.429144809386
# wnorm=5.194204518327601
# alpha1=0.049951979205661384
# alpha2=0.049951979205661384
7.489519112849040913e-03 6.057964444666049530e+04 4.390609931545833206e+03 -3.432080703409613307e+03
1.606577831472411760e-02 6.904048761771290447e+04 1.999212464173633634e+04 -1.171801473569326390e+03
2.566305929284705065e-02 6.080836059100323473e+04 2.255530708756669992e+04 6.105624375664165200e+02
3.547406197596878613e-02 4.841854321119961969e+04 1.934186622815022201e+04 6.870014820547648924e+02
4.536407469901365674e-02 3.878830995699625055e+04 1.548603415952346040e+04 1.102039762399432902e+03
5.529813676913161724e-02 3.267698701504241399e+04 1.276412574417941505e+04 1.010411819901751755e+03
6.525906970170512744e-02 2.857283582778480195e+04 1.077642420238957857e+04 7.396905227017256266e+02
7.522583763018984848e-02 2.464629885868597557e+04 9.093344729562804787e+03 5.203373868394619421e+02
8.520013409482914135e-02 2.059652122759144186e+04 7.602915727391352448e+03 5.065745884953011569e+02
9.517892595161110691e-02 1.713329579351522625e+04 6.373974064509356140e+03 5.020153123182053037e+02
1.051667122353206613e-01 1.473147110715916278e+04 5.391442117480823072e+03 5.061849655475675718e+02
1.151525497149245986e-01 1.314496623985292536e+04 4.634831209012270847e+03 4.615509823575432051e+02
1.251382427907392347e-01 1.193384861244254716e+04 4.029838388084963753e+03 4.223852284414316500e+02
1.351288343039163120e-01 1.077601943598707476e+04 3.512192627497508511e+03 3.781958292561058670e+02
1.451149978574327870e-01 9.598686739180098812e+03 3.099080446257220046e+03 3.461036153399471118e+02
1.551096551384889277e-01 8.529908840431311546e+03 2.759611419384301826e+03 3.081774907758948530e+02
1.651060891713686252e-01 7.677807286262202069e+03 2.475242743942016205e+03 2.840893763195589941e+02
1.750993520362841560e-01 7.035452365626044411e+03 2.189756461988550654e+03 2.886811042877624232e+02
1.850917299221912782e-01 6.497895936347968927e+03 1.898662861010538109e+03 2.815888668285165295e+02
1.950858372611871949e-01 6.007842568928978835e+03 1.658051973539652181e+03 2.651349972214642889e+02
2.050847103204223310e-01 5.529978508929614691e+03 1.496873220432342805e+03 2.426754653936007458e+02
2.150791300603901723e-01 5.091401992259902727e+03 1.337413255605533777e+03 2.218374590167293263e+02
2.250737298340859671e-01 4.709070752383222498e+03 1.193176472901043780e+03 2.209842216302274664e+02
2.350712478192618915e-01 4.372395525153928247e+03 1.054323003473317158e+03 1.994669157009220726e+02
2.450684092287588878e-01 4.085810300742055460e+03 9.245394166943552818e+02 1.854361446980650783e+02
2.550643278764201938e-01 3.825290303803024926e+03 7.934588496324995504e+02 1.796740912909837675e+02
2.650619011823764914e-01 3.578394039351266656e+03 6.945834056877059766e+02 1.710405176408604575e+02
2.750591448975683861e-01 3.352432742861182305e+03 6.014127490386464387e+02 1.588172410981378562e+02
2.850551117562060699e-01 3.147559807975345393e+03 5.138413087663628858e+02 1.518796942582039549e+02
2.950567117222437918e-01 2.957233480983064055e+03 4.294218505010021545e+02 1.460150622401912130e+02
