# k     P0     P2     P4
# Pshot=7501.359579148184
# wnorm=3.841079105000774
# alpha1=0.038617926693288396
# alpha2=0.038617926693288396
7.489519112849040913e-03 9.140621982971673788e+03 -5.788295109206555026e+03 -2.808172095216749767e+03
1.606577831472411760e-02 2.411896670259766688e+04 -3.405878081778961132e+03 -1.771000750547386360e+03
2.566305929284705065e-02 2.208996375634907599e+04 5.748760285719009516e+03 -3.291288142990255437e+03
3.547406197596878613e-02 1.857534281294269022e+04 6.894917074731461980e+03 -1.767776345343207140e+03
4.536407469901365674e-02 1.482638134108044505e+04 6.980602632473027370e+03 -1.166848137244893223e+03
5.529813676913161724e-02 1.251830175884393793e+04 6.262148344701775386e+03 -9.414752473639096024e+02
6.525906970170512744e-02 1.100476316737314482e+04 5.713615074563153030e+03 -6.566306665894763910e+02
7.522583763018984848e-02 9.510954081573654548e+03 4.882744036689638051e+03 -5.346970603583051798e+02
8.520013409482914135e-02 7.957764780175239139e+03 3.986959619436611320e+03 -2.758312376643252719e+02
9.517892595161110691e-02 6.601523274407464669e+03 3.252115649775309066e+03 -1.651854417829804333e+02
1.051667122353206613e-01 5.667379401807387694e+03 2.732664947947376731e+03 -9.772399609042145130e+01
1.151525497149245986e-01 5.038914544557383124e+03 2.371985027753572922e+03 -7.966750654798762810e+01
1.251382427907392347e-01 4.576912563754198345e+03 2.105683232315614077e+03 1.799127766903302472e+01
1.351288343039163120e-01 4.118510012248781095e+03 1.828384869436681811e+03 1.176710388522494988e+01
1.451149978574327870e-01 3.657139928352419702e+03 1.596034599714075966e+03 3.525739312489711352e+01
1.551096551384889277e-01 3.243924548989736195e+03 1.367652747812878488e+03 3.722193639857048453e+01
1.651060891713686252e-01 2.918547165008812499e+03 1.207367278276957450e+03 6.369227543388733181e+01
1.750993520362841560e-01 2.676399587125229573e+03 1.054549433129057888e+03 5.440365828325914066e+01
1.850917299221912782e-01 2.476153457877368965e+03 9.376261840296575656e+02 7.979909033902372073e+01
1.950858372611871949e-01 2.281640565423394037e+03 8.158105254942815918e+02 7.799065025679200858e+01
2.050847103204223310e-01 2.102493585870045536e+03 7.187838089594513349e+02 6.260459129698613623e+01
2.150791300603901723e-01 1.929961416201447491e+03 6.366467133052530016e+02 5.990563244493475281e+01
2.250737298340859671e-01 1.782079246002095942e+03 5.554331743716320489e+02 7.760860424142482827e+01
2.350712478192618915e-01 1.664168073913928083e+03 5.051968307548557959e+02 8.198085375406854780e+01
2.450684092287588878e-01 1.551883301695407454e+03 4.352177842701842678e+02 7.373223713678065394e+01
2.550643278764201938e-01 1.459252310503366743e+03 3.743195894059555258e+02 6.261282868592248718e+01
2.650619011823764914e-01 1.369925882558657577e+03 3.259633888322313169e+02 6.277695777914657072e+01
2.750591448975683861e-01 1.282567329598339484e+03 2.884434130364450652e+02 5.430554029562189555e+01
2.850551117562060699e-01 1.203456925781542395e+03 2.474631898672253953e+02 6.081914575116447708e+01
2.950567117222437918e-01 1.134551716836581363e+03 2.156628183485052830e+02 6.073635727567544507e+01
