# k     Q0     Q2
# Pshot=7117.538385088939
# wnorm=3.759047218746835
# alpha1=0.038617926657106026
# alpha2=0.038617926657106026
7.489519112849040913e-03 1.853936395565956263e+04 -1.756445270360814902e+04
1.606577831472411760e-02 2.254935345717050950e+04 -1.736342462775292915e+03
2.566305929284705065e-02 2.301081109698932414e+04 3.945074545215916714e+03
3.547406197596878613e-02 2.023299458368245178e+04 5.881298029928886535e+03
4.536407469901365674e-02 1.697145511243643341e+04 5.511368591504142387e+03
5.529813676913161724e-02 1.458056590114193750e+04 5.123307940571574363e+03
6.525906970170512744e-02 1.284919985689038913e+04 4.734562711894408494e+03
7.522583763018984848e-02 1.118398771625881636e+04 4.268456576243060226e+03
8.520013409482914135e-02 9.390849373209008263e+03 3.455217002679457437e+03
9.517892595161110691e-02 7.828012098000161131e+03 2.800404997953661223e+03
1.051667122353206613e-01 6.739930815280064053e+03 2.394590906725838522e+03
1.151525497149245986e-01 5.970018262157594108e+03 2.140215031186744454e+03
1.251382427907392347e-01 5.396024011785279981e+03 1.964089147177693121e+03
1.351288343039163120e-01 4.841540347771629058e+03 1.728910872462095995e+03
1.451149978574327870e-01 4.300376615743031834e+03 1.548367597238281178e+03
1.551096551384889277e-01 3.809410629826020795e+03 1.323380255634766399e+03
1.651060891713686252e-01 3.421175538699595563e+03 1.184121172947670857e+03
1.750993520362841560e-01 3.106632717279973804e+03 1.039283351888526795e+03
1.850917299221912782e-01 2.853990881062678909e+03 9.355453443731427114e+02
1.950858372611871949e-01 2.618473541564712377e+03 8.188720235091348059e+02
2.050847103204223310e-01 2.403273180839103134e+03 7.400639079423457360e+02
2.150791300603901723e-01 2.204725853713820015e+03 6.616845943590898287e+02
2.250737298340859671e-01 2.025447573154799329e+03 5.900351314143351829e+02
2.350712478192618915e-01 1.876311591378449975e+03 5.254503764893811422e+02
2.450684092287588878e-01 1.741026188572115188e+03 4.679853896073220199e+02
2.550643278764201938e-01 1.615160463779704287e+03 3.989212519134896411e+02
2.650619011823764914e-01 1.507715474562960708e+03 3.649497371579998344e+02
2.750591448975683861e-01 1.404337661112750311e+03 3.129034593360264580e+02
2.850551117562060699e-01 1.316989128748943131e+03 2.924499299670670780e+02
2.950567117222437918e-01 1.232696674362919566e+03 2.432070723917961459e+02
