# k     Q0     Q2
# Pshot=0.0
# wnorm=1.0943980584582609
# alpha1=0.04999313983354096
# alpha2=0.03861786695886631
7.489519112849040913e-03 1.988009630959832430e+04 -4.858507616682765729e+03
1.606577831472411760e-02 4.102642015664648352e+04 4.466212866640662469e+03
2.566305929284705065e-02 4.039623364295024658e+04 8.892169212579725354e+03
3.547406197596878613e-02 3.385126349795843271e+04 1.054913192598807655e+04
4.536407469901365674e-02 2.724110440400937296e+04 9.613209180804486095e+03
5.529813676913161724e-02 2.280825525173392089e+04 8.550427537676805514e+03
6.525906970170512744e-02 1.983159915146121784e+04 7.647753272792252574e+03
7.522583763018984848e-02 1.704338179041311378e+04 6.842913713220134923e+03
8.520013409482914135e-02 1.393327598445026524e+04 5.504499901856473116e+03
9.517892595161110691e-02 1.135293903366693303e+04 4.589539873699907730e+03
1.051667122353206613e-01 9.602022403037926779e+03 3.999606152960041072e+03
1.151525497149245986e-01 8.389725228481747763e+03 3.440180042841770955e+03
1.251382427907392347e-01 7.550916574327407943e+03 3.137985403356375173e+03
1.351288343039163120e-01 6.670347374128058618e+03 2.730805105399973399e+03
1.451149978574327870e-01 5.821177682353682030e+03 2.449885285278975516e+03
1.551096551384889277e-01 5.045013172142287658e+03 2.108310059405708216e+03
1.651060891713686252e-01 4.441376465908008868e+03 1.900671614203550462e+03
1.750993520362841560e-01 3.993718206485983956e+03 1.724228112282727807e+03
1.850917299221912782e-01 3.616501802407453397e+03 1.520714195213300627e+03
1.950858372611871949e-01 3.266376685934982561e+03 1.350381880980303549e+03
2.050847103204223310e-01 2.951893345048040828e+03 1.226571272454352311e+03
2.150791300603901723e-01 2.650381767002757442e+03 1.086629120196817439e+03
2.250737298340859671e-01 2.388511929672035876e+03 9.922177289791491148e+02
2.350712478192618915e-01 2.168023162767552549e+03 9.066207590678369570e+02
2.450684092287588878e-01 1.980755467953861626e+03 8.303220465343971455e+02
2.550643278764201938e-01 1.822323897982051676e+03 7.367375459066863641e+02
2.650619011823764914e-01 1.653953121294192670e+03 6.574468534220742413e+02
2.750591448975683861e-01 1.514104287851721210e+03 6.043305286231450282e+02
2.850551117562060699e-01 1.388496731270631699e+03 5.493296164056691850e+02
2.950567117222437918e-01 1.272884874745002662e+03 4.917989685530201314e+02
