# k     P0     P2     P4
# Pshot=0.0
# wnorm=1.0943980584582609
# alpha1=0.04999313983354096
# alpha2=0.03861786695886631
7.489519112849040913e-03 1.960803986428115968e+04 6.801411132929083578e+02 -7.477175785467159585e+03
1.606577831472411760e-02 3.596205105943262606e+04 1.266092274303457452e+04 -1.106285833313177318e+04
2.566305929284705065e-02 3.477262379444902035e+04 1.405902462125316015e+04 -6.975254801709090316e+03
3.547406197596878613e-02 2.863845108119313954e+04 1.303203104191334569e+04 -3.351913806499118436e+03
4.536407469901365674e-02 2.282106661243365306e+04 1.105009447893928700e+04 -1.939795152481970490e+03
5.529813676913161724e-02 1.908345953546538294e+04 9.311989290671232084e+03 -1.028108366542483736e+03
6.525906970170512744e-02 1.659118008640398330e+04 8.101047662643126387e+03 -6.119474262986763051e+02
7.522583763018984848e-02 1.421647550749458605e+04 7.067265707296346591e+03 -3.028751920028688573e+02
8.520013409482914135e-02 1.166842114057200888e+04 5.662137109695696381e+03 -2.128102305829487477e+02
9.517892595161110691e-02 9.498242235597637773e+03 4.636741995173209943e+03 -6.372286398895997195e+01
1.051667122353206613e-01 8.020831917902859459e+03 3.952976212837668299e+03 6.295041916519988234e+01
1.151525497149245986e-01 7.026681621088636348e+03 3.407609018482773536e+03 4.397088288464453854e+01
1.251382427907392347e-01 6.337216316167283367e+03 3.034250645400311441e+03 1.400419232406850369e+02
1.351288343039163120e-01 5.617516421662138782e+03 2.632077381164810504e+03 1.332824277174714496e+02
1.451149978574327870e-01 4.888857919655913065e+03 2.330799406744434236e+03 1.607659360216263735e+02
1.551096551384889277e-01 4.236342789465755232e+03 2.021675956691303099e+03 1.169560386644513414e+02
1.651060891713686252e-01 3.719035701293286365e+03 1.805851911536808984e+03 1.280065986001015972e+02
1.750993520362841560e-01 3.350147025571407994e+03 1.608927952286432628e+03 1.556552159950016119e+02
1.850917299221912782e-01 3.046256929497254532e+03 1.425612182275475789e+03 1.283877174660652543e+02
1.950858372611871949e-01 2.759990190283929678e+03 1.265966239127629933e+03 1.139611165011065594e+02
2.050847103204223310e-01 2.494269796942290668e+03 1.144058870264374946e+03 1.113917429564674109e+02
2.150791300603901723e-01 2.248748435383608921e+03 1.004083329047880625e+03 1.114368180510658988e+02
2.250737298340859671e-01 2.025776060165868103e+03 9.068396737654201161e+02 1.152603745385331280e+02
2.350712478192618915e-01 1.841001325950231376e+03 8.175545920433036144e+02 1.202393254831198561e+02
2.450684092287588878e-01 1.686118259593166158e+03 7.365930209017340076e+02 1.265341846040928999e+02
2.550643278764201938e-01 1.559846481673862399e+03 6.561935407704701220e+02 1.087344069338910799e+02
2.650619011823764914e-01 1.420111334744522082e+03 5.846044663741731711e+02 9.833722251466694786e+01
2.750591448975683861e-01 1.302644278389395595e+03 5.286500236558050574e+02 1.021686817059088526e+02
2.850551117562060699e-01 1.195642037280123986e+03 4.821367349762641084e+02 9.071038992969575077e+01
2.950567117222437918e-01 1.101425991238183769e+03 4.286472087670466635e+02 8.525487571106458518e+01
