# k     Q0     Q2
# Pshot=0.0
# wnorm=0.6764330188251217
# alpha1=0.020434728335044065
# alpha2=0.027602095542415963
7.489519112848944636e-03 -2.068783433142532886e+03 7.131454192235871233e+03
1.606577831472441945e-02 4.415797790658507438e+04 -2.366470220559402514e+04
2.566305929284757106e-02 5.502065389768130990e+04 2.311160788907203460e+04
3.547406197596935512e-02 4.744585707768990687e+04 1.680055247455194694e+04
4.536407469901294898e-02 2.659648230867501843e+04 7.805726194271419445e+03
5.529813676913136744e-02 1.850916057328188981e+04 -4.604724514253872258e+03
6.525906970170659849e-02 2.209769891908981299e+04 9.876304658574763380e+03
7.522583763018902969e-02 1.906867496742854200e+04 5.924828117048698914e+03
8.520013409482891931e-02 1.457553857243764105e+04 8.080144946409749537e+03
9.517892595161091263e-02 1.303418590155798847e+04 1.069513936584014846e+04
1.051667122353221601e-01 1.164925910587739236e+04 9.203857760565126227e+03
1.151525497149269439e-01 1.012274627848167802e+04 5.522426662627691258e+03
1.251382427907365980e-01 8.691473523307842697e+03 3.472333422041424910e+03
1.351288343039192263e-01 8.962660965150791526e+03 3.980669983560639594e+03
1.451149978574308719e-01 7.031763446682239191e+03 1.599563880649122211e+03
1.551096551384904543e-01 6.905152556322957025e+03 2.407786927041011040e+03
1.651060891713693746e-01 5.475116032866680143e+03 1.216024552480045031e+03
1.750993520362851830e-01 5.467311549064651444e+03 2.034400277534452925e+03
1.850917299221883916e-01 4.216078074951722556e+03 2.058595760293109379e+03
1.950858372611846692e-01 4.207133949132640737e+03 2.918690866172391907e+03
2.050847103204250510e-01 3.827084562070299853e+03 1.125103372155748957e+03
2.150791300603934197e-01 3.636343670539454251e+03 1.291925666452635141e+03
2.250737298340816095e-01 3.320086111637426711e+03 1.825437586165712219e+03
2.350712478192589217e-01 2.823594394151891720e+03 1.687654262722806834e+03
2.450684092287566673e-01 2.505638659549162185e+03 1.097868874223438070e+03
2.550643278764182509e-01 2.689792619580874998e+03 1.236201280894953697e+03
2.650619011823741600e-01 2.442573643297761464e+03 9.614790524825567672e+02
2.750591448975686082e-01 1.873682047432603895e+03 2.622487908082272270e+02
2.850551117562012404e-01 1.726668357393542465e+03 4.406407442953757823e+02
2.950567117222426261e-01 1.844843045475192639e+03 5.272745054813682941e+01
