# k     P0     P2     P4
# Pshot=15195.871177465526
# wnorm=5.139677068419433
# alpha1=0.020434728335044065
# alpha2=0.020434728335044065
7.489519112848944636e-03 9.074077714311487216e+04 7.962128389663207054e+04 5.108863277233413828e+04
1.606577831472441945e-02 7.105513304452167358e+04 1.864188494103702396e+04 1.868870344773973557e+04
2.566305929284757106e-02 5.604277806809043977e+04 2.448411844836551609e+04 -1.227521124018083356e+03
3.547406197596935512e-02 4.908003433378146292e+04 2.227164866928547417e+04 5.641331428614342258e+03
4.536407469901294898e-02 3.827816038064134045e+04 1.289680768231142974e+04 1.901555042175293920e+03
5.529813676913136744e-02 3.338444283878914575e+04 1.172059540990654750e+04 3.215204662089973226e+03
6.525906970170659849e-02 2.898462578405608292e+04 1.138845606405300532e+04 6.771589711762790103e+02
7.522583763018902969e-02 2.479238409760833019e+04 8.119582205197926669e+03 -5.169370125088947816e+02
8.520013409482891931e-02 2.173772749308944913e+04 6.506579679054300868e+03 2.231715413617904687e+03
9.517892595161091263e-02 1.850191952483952264e+04 5.566012054016396178e+03 -2.648345100192875634e+02
1.051667122353221601e-01 1.562964863384568525e+04 4.782148551714402856e+03 1.139070581746708939e+02
1.151525497149269439e-01 1.383837805796286193e+04 4.782193506277336382e+03 1.238640751763086456e+01
1.251382427907365980e-01 1.305331642493447544e+04 4.339817741265562290e+03 -8.256299379879362732e+02
1.351288343039192263e-01 1.143935006409323614e+04 3.707619298616911237e+03 -1.202293117820850199e+02
1.451149978574308719e-01 1.027244017627398898e+04 3.044423071759511458e+03 5.648615669674385344e+02
1.551096551384904543e-01 9.206127088441564410e+03 2.127037400242975764e+03 2.372675027177926950e+02
1.651060891713693746e-01 8.190682951448877247e+03 2.126680821084142281e+03 1.171380618700194191e+03
1.750993520362851830e-01 7.625568055073654250e+03 2.253114922815798764e+03 9.077512795788375115e+02
1.850917299221883916e-01 7.206778899013915179e+03 1.839435837686241939e+03 6.306966915754636602e+02
1.950858372611846692e-01 6.717713022146206640e+03 1.668792399039241673e+03 6.997446919547102198e+02
2.050847103204250510e-01 6.142035395670592152e+03 1.322108499543417338e+03 3.324449720367276768e+02
2.150791300603934197e-01 5.648525116122179497e+03 9.446150472272181560e+02 9.349011541688307716e+02
2.250737298340816095e-01 5.236363124944587071e+03 1.129321560476863851e+03 8.272657157391276996e+02
2.350712478192589217e-01 4.744113240564486659e+03 9.980907361940727469e+02 7.250026006643460050e+02
2.450684092287566673e-01 4.631694817030192098e+03 7.364165596883291300e+02 3.823980083610142060e+02
2.550643278764182509e-01 4.364687952434121144e+03 7.680332309869698975e+02 4.621068110117536776e+02
2.650619011823741600e-01 4.032393939753790619e+03 6.855459785408651214e+02 2.370297651235832461e+02
2.750591448975686082e-01 3.793419763519638309e+03 6.706010575981638340e+02 1.729013825922733076e+02
2.850551117562012404e-01 3.442060933525761357e+03 2.962599944186823109e+02 5.413740104080405899e+02
2.950567117222426261e-01 3.303938072233595449e+03 3.452837127093503682e+02 3.967720144630043819e+02
