# k     Q0     Q2
# Pshot=7137.23605524436
# wnorm=3.7368881956474995
# alpha1=0.02759870446194261
# alpha2=0.02759870446194261
7.489519112848944636e-03 2.648949952100074370e+04 -8.914904220893302409e+03
1.606577831472441945e-02 2.324791035996092251e+04 -2.939218722597752640e+04
2.566305929284757106e-02 2.163370485705988540e+04 -1.258000564701615440e+04
3.547406197596935512e-02 1.758069967142379028e+04 -7.963827280573527787e+02
4.536407469901294898e-02 1.650672633793719433e+04 9.705527292325878079e+02
5.529813676913136744e-02 1.470563007775459118e+04 3.763372935262908868e+03
6.525906970170659849e-02 1.375670300320166098e+04 6.440009327203779321e+03
7.522583763018902969e-02 1.063540061121787585e+04 2.111559668378395145e+03
8.520013409482891931e-02 9.693878825786801826e+03 3.309034292674974949e+03
9.517892595161091263e-02 8.149967116839103255e+03 3.346277607762386651e+03
1.051667122353221601e-01 6.930350481958573255e+03 2.490199089120028020e+03
1.151525497149269439e-01 5.823391075136849395e+03 2.513904832989096576e+03
1.251382427907365980e-01 5.671972693640433135e+03 1.933640830493837257e+03
1.351288343039192263e-01 4.769267955721750695e+03 1.800372773463185013e+03
1.451149978574308719e-01 4.592992027382440938e+03 1.966357660021217271e+03
1.551096551384904543e-01 3.862676442403574129e+03 1.280176878957607414e+03
1.651060891713693746e-01 3.377470576382780564e+03 1.704918772632859600e+03
1.750993520362851830e-01 3.270438459064625931e+03 1.657567626314715426e+03
1.850917299221883916e-01 3.135065110925386307e+03 1.431182232553412632e+03
1.950858372611846692e-01 2.618323830635519244e+03 9.156718981850852970e+02
2.050847103204250510e-01 2.502651724281986844e+03 1.195988413935426934e+03
2.150791300603934197e-01 2.330761522263165716e+03 1.388855073589159929e+03
2.250737298340816095e-01 2.034934031438728653e+03 7.468299460479183836e+02
2.350712478192589217e-01 2.033795826140916688e+03 1.073575493419746181e+03
2.450684092287566673e-01 1.799157636865440963e+03 7.464259562016690097e+02
2.550643278764182509e-01 1.779626121304386061e+03 8.021705695940894429e+02
2.650619011823741600e-01 1.528690129603571677e+03 1.500941588969030249e+02
2.750591448975686082e-01 1.477682638130891064e+03 4.057517658630142137e+02
2.850551117562012404e-01 1.348867332397015161e+03 3.565858052846512010e+02
2.950567117222426261e-01 1.315770510196532314e+03 6.780891040983999574e+02
