# k     P0     P2     P4
# Pshot=7137.23605524436
# wnorm=3.7368881956474995
# alpha1=0.02759870446194261
# alpha2=0.02759870446194261
7.489519112848944636e-03 2.535872891168963906e+04 2.826926523277758861e+03 -1.585147150463093021e+04
1.606577831472441945e-02 2.726109582884511474e+04 -1.003296367221048240e+04 -2.613495179758550148e+04
2.566305929284757106e-02 2.413173363408431032e+04 -6.245071942561063224e+03 -8.552160501014370311e+03
3.547406197596935512e-02 1.669318896060071711e+04 2.218776777057683830e+03 -4.070465331905298626e+03
4.536407469901294898e-02 1.446403982678762623e+04 5.106716277873925719e+03 -5.583820790665804452e+03
5.529813676913136744e-02 1.248778077929593564e+04 5.544623246146641577e+03 -2.404687919693039021e+03
6.525906970170659849e-02 1.161031926956770258e+04 5.365959334084898728e+03 1.449967490710489074e+03
7.522583763018902969e-02 9.458946448635208071e+03 2.941135406456670353e+03 -1.119927246405671212e+03
8.520013409482891931e-02 8.328987619596078730e+03 3.412228015476809560e+03 -1.393115257824767923e+02
9.517892595161091263e-02 6.839639568734496606e+03 3.275818870261516167e+03 9.511929562617488898e+01
1.051667122353221601e-01 5.901486394771171945e+03 2.572160217968503730e+03 -1.106475239454419892e+02
1.151525497149269439e-01 4.965548811261077390e+03 2.144605659689430922e+03 4.985538839545487804e+02
1.251382427907365980e-01 4.769392397061624251e+03 2.256450741447023120e+03 -4.357933797868009833e+02
1.351288343039192263e-01 4.002418513478486148e+03 1.917123605608162052e+03 -1.576136233957188324e+02
1.451149978574308719e-01 3.745850651015429776e+03 2.117853440917528587e+03 -2.045193042100201239e+02
1.551096551384904543e-01 3.323328327815731427e+03 1.348370286469606754e+03 -9.206110014119906282e+01
1.651060891713693746e-01 2.853823635903735067e+03 1.309117351197613971e+03 5.343319189375814631e+02
1.750993520362851830e-01 2.827742823637627225e+03 1.106739088567496765e+03 7.436185259587450673e+02
1.850917299221883916e-01 2.566236201693781823e+03 1.422072273079011666e+03 1.229844529044134305e+01
1.950858372611846692e-01 2.245784009162486200e+03 9.313495536825826093e+02 -2.116483492162135249e+01
2.050847103204250510e-01 2.123771415629399144e+03 9.472007716314690242e+02 3.358633171103431323e+02
2.150791300603934197e-01 1.962560884852001209e+03 9.205015935279109272e+02 6.322771980826859135e+02
2.250737298340816095e-01 1.786338259555589048e+03 6.214894297078492400e+02 1.692096970590932870e+02
2.350712478192589217e-01 1.709902903523043506e+03 8.097323065446832970e+02 3.561883022813349271e+02
2.450684092287566673e-01 1.542642919419680993e+03 6.412867936143999259e+02 1.419378694928131779e+02
2.550643278764182509e-01 1.555292712597100490e+03 5.608335217682139273e+02 3.258050145649318097e+02
2.650619011823741600e-01 1.410579678927465011e+03 2.952761266902666080e+02 -1.959956565210407859e+02
2.750591448975686082e-01 1.315421637328574889e+03 4.056525020057904385e+02 1.340062072521092107e-01
2.850551117562012404e-01 1.210820112486492008e+03 3.451180497763081689e+02 1.548146993626306589e+01
2.950567117222426261e-01 1.100429077435837144e+03 5.383535819017380391e+02 1.886429549654936295e+02
