# k     P0     P2     P4
# Pshot=14941.77945197184
# wnorm=2.409564117094445
# alpha1=0.0212536679110481
# alpha2=0.0212536679110481
7.489519112848944636e-03 8.021212856624276901e+04 2.439839880245351742e+04 1.623346764205753971e+04
1.606577831472441945e-02 7.269265319149444986e+04 1.676447382019086581e+04 2.085720586736081896e+04
2.566305929284757106e-02 6.049847020462908404e+04 5.715343468118339842e+03 -1.167946420619585751e+03
3.547406197596935512e-02 4.501066274818357488e+04 9.321630310913313224e+03 -1.207854159782498209e+04
4.536407469901294898e-02 3.696532510010154510e+04 1.582072809838059948e+04 3.955591824321197237e+03
5.529813676913136744e-02 3.242686023527796351e+04 1.284804340518550634e+04 6.159909355014526227e+03
6.525906970170659849e-02 2.691998014326400153e+04 1.086125393681571040e+04 -2.539759325894025551e+03
7.522583763018902969e-02 2.491964222673105905e+04 1.015302170712967381e+04 1.811092631337733678e+02
8.520013409482891931e-02 2.133061937348504944e+04 8.250772837370855996e+03 4.224008564936210860e+03
9.517892595161091263e-02 1.757130505362428812e+04 6.765226969609836488e+03 4.335226157893945128e+03
1.051667122353221601e-01 1.504343896274579129e+04 6.357605422814955091e+03 9.826858395707088221e+02
1.151525497149269439e-01 1.382058779597438843e+04 5.682199803757901464e+03 8.096953530031448736e+02
1.251382427907365980e-01 1.278598768109516095e+04 3.676673002381783590e+03 1.021717811849435634e+03
1.351288343039192263e-01 1.116594611657479800e+04 3.795863547895703960e+03 -4.448830066575443425e+02
1.451149978574308719e-01 9.783368325550884038e+03 2.761219331075292757e+03 1.335702482637835828e+02
1.551096551384904543e-01 9.054509991402548621e+03 2.630068602542996359e+03 1.551111617712016596e+03
1.651060891713693746e-01 7.805218321497033685e+03 2.018681907174902562e+03 6.155385776941100175e+02
1.750993520362851830e-01 7.368234790767118284e+03 1.780947599344340233e+03 5.010874941502404454e+02
1.850917299221883916e-01 6.878911681976117507e+03 1.876121528809268739e+03 -1.096206456212847939e+02
1.950858372611846692e-01 6.282731860214621520e+03 1.344863976563813594e+03 -2.170585048680597708e+02
2.050847103204250510e-01 5.969794686834731692e+03 1.372574700078826481e+03 1.944114257656518703e+02
2.150791300603934197e-01 5.548450657095507268e+03 6.964649930528978530e+02 3.316842036446337829e+02
2.250737298340816095e-01 5.155585248550266442e+03 7.435249603957634008e+02 4.083661396085902311e+02
2.350712478192589217e-01 4.874000296089529002e+03 7.883974771246034834e+02 -9.142310247723443695e+01
2.450684092287566673e-01 4.489302410776236684e+03 1.020050260675603568e+03 9.212514572052125459e+02
2.550643278764182509e-01 4.302443544051210665e+03 1.061034129747598172e+03 -1.144184710859993181e+01
2.650619011823741600e-01 4.080396030168519246e+03 5.193606809755813174e+02 7.687799893407606078e+02
2.750591448975686082e-01 3.799064322807010285e+03 3.600675604686505835e+02 6.613668930354393751e+02
2.850551117562012404e-01 3.465288553243748083e+03 4.237052132782267222e+02 4.837923504265567090e+02
2.950567117222426261e-01 3.250268582870289265e+03 1.751487682434809869e+02 3.742121692027150175e+02
