# k     Q0     Q2
# Pshot=6175.695681542472
# wnorm=3.9256921182049807
# alpha1=0.04996079520241559
# alpha2=0.04996079520241559
7.489519112849040913e-03 1.116855910614836102e+04 -1.156535337441224328e+04
1.606577831472411760e-02 2.420488180821346396e+04 -2.799078779556695736e+03
2.566305929284705065e-02 2.546575675153403790e+04 4.778796867493387253e+03
3.547406197596878613e-02 2.194178055486669109e+04 6.806405738607531930e+03
4.536407469901365674e-02 1.804627997899716138e+04 7.004213975160204427e+03
5.529813676913161724e-02 1.534347443606088200e+04 6.284691745504662322e+03
6.525906970170512744e-02 1.346143961892152765e+04 5.743934675050434635e+03
7.522583763018984848e-02 1.160552899010263354e+04 4.922914509250190349e+03
8.520013409482914135e-02 9.662570661343721440e+03 4.180493859676292232e+03
9.517892595161110691e-02 7.965890666264096581e+03 3.381098146258057113e+03
1.051667122353206613e-01 6.809909411414358146e+03 2.876256124516590717e+03
1.151525497149245986e-01 6.051257103063216164e+03 2.498142019323583099e+03
1.251382427907392347e-01 5.459697937492700476e+03 2.280699998823080477e+03
1.351288343039163120e-01 4.887452772621535587e+03 2.002548086366505686e+03
1.451149978574327870e-01 4.326740662399302892e+03 1.755319786461720241e+03
1.551096551384889277e-01 3.813440217445219332e+03 1.501382398097536225e+03
1.651060891713686252e-01 3.412902192904430649e+03 1.347043551910406450e+03
1.750993520362841560e-01 3.103142963056206554e+03 1.183058229586584048e+03
1.850917299221912782e-01 2.850324924253955942e+03 1.055391870712398941e+03
1.950858372611871949e-01 2.610118048526664097e+03 9.174678131838099944e+02
2.050847103204223310e-01 2.393881001647856465e+03 8.292337140934606623e+02
2.150791300603901723e-01 2.185127341808274650e+03 7.262651562169419321e+02
2.250737298340859671e-01 2.011272252577346080e+03 6.577208094406702230e+02
2.350712478192618915e-01 1.863923693665009523e+03 5.844801491560358500e+02
2.450684092287588878e-01 1.731118045389910549e+03 5.352571810812248714e+02
2.550643278764201938e-01 1.607191770097477729e+03 4.656747445553618832e+02
2.650619011823764914e-01 1.498812664446538975e+03 4.177023648177442396e+02
2.750591448975683861e-01 1.401033062430495193e+03 3.801674036531120464e+02
2.850551117562060699e-01 1.310282726012659396e+03 3.322039949279774191e+02
2.950567117222437918e-01 1.222066184963744035e+03 2.831548022154491377e+02
