# k     Q0     Q2
# Pshot=12872.576608644677
# wnorm=2.565404029562676
# alpha1=0.05011970100917509
# alpha2=0.05011970100917509
7.489519112849040913e-03 5.475556808453330450e+04 -8.099964140796688298e+03
1.606577831472411760e-02 7.259689954224519897e+04 1.278593966085544162e+04
2.566305929284705065e-02 6.662283983013952093e+04 1.843679477754524123e+04
3.547406197596878613e-02 5.428310847404981905e+04 1.714081892133766814e+04
4.536407469901365674e-02 4.385670123610083101e+04 1.460837756508918937e+04
5.529813676913161724e-02 3.684886913397158787e+04 1.226877726621904549e+04
6.525906970170512744e-02 3.219875637559566167e+04 1.072992588469373368e+04
7.522583763018984848e-02 2.768413321016207556e+04 9.120054220007603362e+03
8.520013409482914135e-02 2.313892196006011000e+04 7.495838345090741313e+03
9.517892595161110691e-02 1.931828610262281290e+04 6.392372834777540447e+03
1.051667122353206613e-01 1.654554000921580518e+04 5.429849999950329220e+03
1.151525497149245986e-01 1.466635511845487235e+04 4.658087190443959116e+03
1.251382427907392347e-01 1.325365705844750664e+04 4.107213013755366774e+03
1.351288343039163120e-01 1.190062625643584579e+04 3.589347382057431332e+03
1.451149978574327870e-01 1.057781278547419788e+04 3.183127830775668826e+03
1.551096551384889277e-01 9.397783937135927772e+03 2.851625198165542315e+03
1.651060891713686252e-01 8.440502931536317192e+03 2.522160866785519374e+03
1.750993520362841560e-01 7.693010341598894229e+03 2.291949364035376675e+03
1.850917299221912782e-01 7.060554361115649954e+03 1.994168537132065239e+03
1.950858372611871949e-01 6.489458117920272343e+03 1.775321290461086164e+03
2.050847103204223310e-01 5.947111939033471572e+03 1.571247052644095220e+03
2.150791300603901723e-01 5.462541969141495429e+03 1.427339656575939443e+03
2.250737298340859671e-01 5.025335567041111062e+03 1.264244412055370276e+03
2.350712478192618915e-01 4.647156826475052185e+03 1.152463419672546706e+03
2.450684092287588878e-01 4.317473625693241956e+03 1.010480871364121072e+03
2.550643278764201938e-01 4.007386555401379155e+03 8.795844029000688806e+02
2.650619011823764914e-01 3.715159546499851785e+03 7.732628244905433803e+02
2.750591448975683861e-01 3.457521992238750499e+03 6.892259280571256568e+02
2.850551117562060699e-01 3.227429997178021040e+03 5.855075068250951063e+02
2.950567117222437918e-01 3.010921479702909892e+03 5.061565756221829133e+02
