# k     P0     P2     P4
# Pshot=6037.626453873882
# wnorm=3.9507772289325196
# alpha1=0.05002906199513597
# alpha2=0.05002906199513597
7.489519112849040913e-03 1.570463483613886820e+04 -4.050581865729208857e+03 -5.376217690414583558e+03
1.606577831472411760e-02 2.092390947630631126e+04 4.857831370362790040e+03 -5.590409460142996977e+03
2.566305929284705065e-02 2.035379562979122784e+04 8.073519451663386462e+03 -3.883751889441751700e+03
3.547406197596878613e-02 1.733386988712149468e+04 8.166187621331090668e+03 -2.300277467266818803e+03
4.536407469901365674e-02 1.436104634007984350e+04 7.111984099960416643e+03 -1.396397411935603486e+03
5.529813676913161724e-02 1.227435411788331294e+04 6.205423928622930362e+03 -8.710230256301302916e+02
6.525906970170512744e-02 1.079513037934995009e+04 5.568777659911283990e+03 -5.504521755745913651e+02
7.522583763018984848e-02 9.386163988103009615e+03 4.861381149845181426e+03 -3.126708974458800299e+02
8.520013409482914135e-02 7.892584216147440202e+03 3.874798188750462941e+03 -2.780606565996140489e+02
9.517892595161110691e-02 6.630902879164466867e+03 3.164607295032474212e+03 -2.085741770100308088e+02
1.051667122353206613e-01 5.692402670274595948e+03 2.675201414195393681e+03 -1.279327241849098300e+02
1.151525497149245986e-01 5.063062415277957371e+03 2.354981947033991673e+03 -5.615875778209316849e+01
1.251382427907392347e-01 4.593687701423363251e+03 2.083091250607564689e+03 -1.543390042900463222e+01
1.351288343039163120e-01 4.135980478179952115e+03 1.839298719358812377e+03 -1.836019513234580236e+00
1.451149978574327870e-01 3.675284713903821284e+03 1.586766139830957172e+03 4.437768092070720627e+01
1.551096551384889277e-01 3.264016150151593592e+03 1.360052515000667427e+03 5.258652422029158657e+01
1.651060891713686252e-01 2.938980931010480163e+03 1.197045257504925985e+03 4.390957798953407121e+01
1.750993520362841560e-01 2.684083087322470419e+03 1.050037301334418544e+03 5.573378600156222262e+01
1.850917299221912782e-01 2.474838421751197984e+03 9.424015388584019774e+02 5.276530343450745875e+01
1.950858372611871949e-01 2.284839649379447110e+03 8.330787165627452850e+02 4.573006139401488923e+01
2.050847103204223310e-01 2.102766596386056335e+03 7.417430209733089441e+02 6.319629444261941842e+01
2.150791300603901723e-01 1.938604371851103906e+03 6.481127510788679729e+02 6.020468435928013662e+01
2.250737298340859671e-01 1.789783655622130937e+03 5.781977007452068165e+02 5.711950810187521910e+01
2.350712478192618915e-01 1.667632831687554017e+03 5.151356783362457463e+02 5.387530022291673504e+01
2.450684092287588878e-01 1.556703345146442871e+03 4.492893386309074231e+02 5.531160359045208708e+01
2.550643278764201938e-01 1.454734240367655275e+03 3.983289745764302552e+02 6.128768698293608708e+01
2.650619011823764914e-01 1.361938034460524932e+03 3.493887673064245405e+02 6.766788004879246898e+01
2.750591448975683861e-01 1.278897659969095685e+03 3.039801899080474641e+02 5.551997209448736470e+01
2.850551117562060699e-01 1.201123618828704366e+03 2.695533099108214969e+02 4.971882542314240538e+01
2.950567117222437918e-01 1.132195278211801224e+03 2.268566973730449376e+02 4.203038300025599483e+01
