# k     Q0     Q2
# Pshot=0.0
# wnorm=0.7138395575699026
# alpha1=0.049997150407643375
# alpha2=0.04995346348239551
7.489519112849040913e-03 3.374161323232194991e+04 8.602138384034098635e+03
1.606577831472411760e-02 5.136542197439421579e+04 2.236558316923394523e+04
2.566305929284705065e-02 4.578289737142749800e+04 2.001014889104265239e+04
3.547406197596878613e-02 3.611109276364094694e+04 1.524582359408046614e+04
4.536407469901365674e-02 2.877571318081939899e+04 1.314809217824370899e+04
5.529813676913161724e-02 2.375962114020566878e+04 1.053140695651029091e+04
6.525906970170512744e-02 2.058974911541154870e+04 9.142154327640455449e+03
7.522583763018984848e-02 1.762438727011439914e+04 7.614838116173442359e+03
8.520013409482914135e-02 1.447778284819546207e+04 6.490167385611261125e+03
9.517892595161110691e-02 1.171193140638313344e+04 5.080262623285186237e+03
1.051667122353206613e-01 9.847659062898141201e+03 4.322919177008897350e+03
1.151525497149245986e-01 8.682661092312195251e+03 3.784070188903732287e+03
1.251382427907392347e-01 7.749855389022020063e+03 3.320335186560092552e+03
1.351288343039163120e-01 6.824766925033251027e+03 2.872390228659919558e+03
1.451149978574327870e-01 5.964252674949876564e+03 2.623742541502239874e+03
1.551096551384889277e-01 5.171637521496251793e+03 2.269455413310426138e+03
1.651060891713686252e-01 4.581572209470206872e+03 2.033448064431270950e+03
1.750993520362841560e-01 4.073645160639453479e+03 1.806903051813145112e+03
1.850917299221912782e-01 3.700183911202239415e+03 1.559152663954986565e+03
1.950858372611871949e-01 3.354556316218086977e+03 1.459008658398130365e+03
2.050847103204223310e-01 3.009545589938568355e+03 1.288652382976286844e+03
2.150791300603901723e-01 2.701496339767714744e+03 1.158541051663648432e+03
2.250737298340859671e-01 2.439928377363655727e+03 1.027611311961807814e+03
2.350712478192618915e-01 2.228371465356119188e+03 9.632799597169276922e+02
2.450684092287588878e-01 2.034835668067925326e+03 8.709655095412725814e+02
2.550643278764201938e-01 1.856845547560634941e+03 7.849609143041712969e+02
2.650619011823764914e-01 1.695956983846199137e+03 7.241087456905950148e+02
2.750591448975683861e-01 1.547033913609426008e+03 6.416352651050812028e+02
2.850551117562060699e-01 1.415087531515359615e+03 5.856628307890028964e+02
2.950567117222437918e-01 1.297450347309341623e+03 4.826145744763946368e+02
