# k     Q0     Q2
# Pshot=5297.853491193601
# wnorm=3.6211998732418507
# alpha1=0.049953463482395516
# alpha2=0.049953463482395516
7.489519112849040913e-03 2.246323208235961283e+04 6.400063587730250219e+03
1.606577831472411760e-02 3.180494042966961933e+04 1.468123634687382582e+04
2.566305929284705065e-02 2.884961768278689487e+04 1.483815900500393036e+04
3.547406197596878613e-02 2.349148024150182391e+04 1.188955804093249390e+04
4.536407469901365674e-02 1.886123032030666218e+04 9.780258788001716312e+03
5.529813676913161724e-02 1.584175244856723475e+04 8.074135246482778712e+03
6.525906970170512744e-02 1.376345353963747220e+04 6.859883761404107645e+03
7.522583763018984848e-02 1.182880988686008277e+04 5.754239559307394302e+03
8.520013409482914135e-02 9.795726728403489687e+03 4.752958014944855677e+03
9.517892595161110691e-02 8.070502146630892639e+03 3.791707586337901830e+03
1.051667122353206613e-01 6.863255643942087772e+03 3.143425103328819205e+03
1.151525497149245986e-01 6.098434248544362163e+03 2.756411948561275949e+03
1.251382427907392347e-01 5.484466144084931329e+03 2.474336980850423515e+03
1.351288343039163120e-01 4.895572845485232392e+03 2.148471898288254579e+03
1.451149978574327870e-01 4.326041349045620336e+03 1.865572606017735552e+03
1.551096551384889277e-01 3.820687242401701951e+03 1.610188929435820683e+03
1.651060891713686252e-01 3.418335553521866132e+03 1.439703181414391793e+03
1.750993520362841560e-01 3.105527544471032797e+03 1.279615830777187512e+03
1.850917299221912782e-01 2.845087737238753107e+03 1.127550704087936310e+03
1.950858372611871949e-01 2.598180816744581080e+03 9.788863921221488908e+02
2.050847103204223310e-01 2.386041697815287989e+03 9.000253258997601051e+02
2.150791300603901723e-01 2.176394839251259782e+03 7.743966481958997292e+02
2.250737298340859671e-01 2.006480700902219041e+03 7.022856203620458473e+02
2.350712478192618915e-01 1.855521663248985078e+03 6.262137621293736629e+02
2.450684092287588878e-01 1.714849232352644776e+03 5.784046052705439251e+02
2.550643278764201938e-01 1.588449907165037530e+03 4.908596489848154079e+02
2.650619011823764914e-01 1.477020259008451148e+03 4.373694350450656998e+02
2.750591448975683861e-01 1.385054051441718457e+03 4.111137011102908900e+02
2.850551117562060699e-01 1.297028431487175567e+03 3.640698155489259875e+02
2.950567117222437918e-01 1.201074357017844022e+03 2.945693039503546515e+02
