# k     P0     P2     P4
# Pshot=5297.853491193601
# wnorm=3.6211998732418507
# alpha1=0.049953463482395516
# alpha2=0.049953463482395516
7.489519112849040913e-03 1.978947151771103017e+04 6.684401411621401166e+03 -3.838560622530526416e+02
1.606577831472411760e-02 2.596478198011265340e+04 1.460039612389235481e+04 1.091343010249792513e+02
2.566305929284705065e-02 2.318024217035758193e+04 1.417343878107342243e+04 8.973723023062034372e+02
3.547406197596878613e-02 1.881668059998752142e+04 1.168699910378572713e+04 2.734545651481716959e+02
4.536407469901365674e-02 1.509363242591098060e+04 9.418994735989213950e+03 4.877064702168725603e+02
5.529813676913161724e-02 1.274095275138165380e+04 7.751999242963827783e+03 4.348836047505756142e+02
6.525906970170512744e-02 1.111741564071575885e+04 6.615094747304252451e+03 3.304651690348153465e+02
7.522583763018984848e-02 9.603012204860780912e+03 5.564494204998244641e+03 2.561562283173562946e+02
8.520013409482914135e-02 7.986640272517480298e+03 4.522716139715062127e+03 3.108265315602183136e+02
9.517892595161110691e-02 6.610102256997841323e+03 3.650999724082630564e+03 1.899556140446124175e+02
1.051667122353206613e-01 5.666627928949740635e+03 2.991569287480883759e+03 2.050053513947159445e+02
1.151525497149245986e-01 5.043327183903239529e+03 2.637767661602804765e+03 1.601697873939316423e+02
1.251382427907392347e-01 4.560889200196797901e+03 2.308942359720380409e+03 2.232827385255561410e+02
1.351288343039163120e-01 4.093078160071135699e+03 2.006236713535262652e+03 1.920174994165388682e+02
1.451149978574327870e-01 3.628358086376414576e+03 1.744208156673030999e+03 1.638420066153541086e+02
1.551096551384889277e-01 3.216385498975949758e+03 1.510754358564370023e+03 1.342366706764598803e+02
1.651060891713686252e-01 2.887366171911179208e+03 1.327423454026718900e+03 1.515776319733625996e+02
1.750993520362841560e-01 2.633347273032744397e+03 1.180450678595719864e+03 1.338729554449813008e+02
1.850917299221912782e-01 2.433073518397461157e+03 1.030035547103225099e+03 1.316454619293603514e+02
1.950858372611871949e-01 2.241085622268376483e+03 8.927379861905144480e+02 1.163003480077086635e+02
2.050847103204223310e-01 2.061784122202736853e+03 8.106439390313647664e+02 1.206648722723344491e+02
2.150791300603901723e-01 1.890824518998693975e+03 7.139258006314171325e+02 8.163564421205154531e+01
2.250737298340859671e-01 1.753593412819879404e+03 6.322182202058522762e+02 9.459099021086191783e+01
2.350712478192618915e-01 1.629463146018146745e+03 5.651462930770882167e+02 8.244108322058494309e+01
2.450684092287588878e-01 1.515569676327870184e+03 4.981988900619355718e+02 1.082777155316215953e+02
2.550643278764201938e-01 1.415799646761019858e+03 4.316256510100532751e+02 7.996589726592731040e+01
2.650619011823764914e-01 1.324602804378019300e+03 3.810436365760714352e+02 7.603982793314300181e+01
2.750591448975683861e-01 1.245056704337293468e+03 3.499933677610654286e+02 8.251245002145508067e+01
2.850551117562060699e-01 1.174747675041309776e+03 3.057018911146606683e+02 7.879669798625850774e+01
2.950567117222437918e-01 1.101861653445089360e+03 2.480317589318892999e+02 6.282568577492802575e+01
