# k     P0     P2     P4
# Pshot=0.0
# wnorm=1.147879215596722
# alpha1=0.05015562996635417
# alpha2=0.05002521685764392
7.489519112849040913e-03 3.137119864130931455e+04 9.707399762085855400e+03 -1.360939077509795425e+03
1.606577831472411760e-02 4.027799452779076819e+04 2.023362911910206458e+04 -2.554902207724396987e+02
2.566305929284705065e-02 3.626682039138941764e+04 1.769128008603925628e+04 -2.949084221549827589e+02
3.547406197596878613e-02 2.927361014401298962e+04 1.517632216882147986e+04 3.032738526278035920e+02
4.536407469901365674e-02 2.322360874966763004e+04 1.211314295000990933e+04 1.750311949247939083e+02
5.529813676913161724e-02 1.932422305165633952e+04 9.866677457073259575e+03 3.496630431089088233e+02
6.525906970170512744e-02 1.678448830834602995e+04 8.501802431052197790e+03 2.423731395166216771e+02
7.522583763018984848e-02 1.435154488985620628e+04 7.273002852203568182e+03 2.319676861759215853e+02
8.520013409482914135e-02 1.177890041142767041e+04 5.819347506711485039e+03 1.607586231426516292e+02
9.517892595161110691e-02 9.628661404845297511e+03 4.759773066089936947e+03 1.782558166578251360e+02
1.051667122353206613e-01 8.146662457802551216e+03 4.036183496311053659e+03 1.947555895724240713e+02
1.151525497149245986e-01 7.125184473174374943e+03 3.418224728092306123e+03 2.256200513229101148e+02
1.251382427907392347e-01 6.376850322643530490e+03 3.050521205687938618e+03 2.553071107081883611e+02
1.351288343039163120e-01 5.672021687967640901e+03 2.644508863804054727e+03 1.937349279923911070e+02
1.451149978574327870e-01 4.934945516702446184e+03 2.327187124512375703e+03 2.148248276827580696e+02
1.551096551384889277e-01 4.301213138445876211e+03 2.058387738978852667e+03 1.924690243678887214e+02
1.651060891713686252e-01 3.774597284124155976e+03 1.793669812305913865e+03 1.605400186854071478e+02
1.750993520362841560e-01 3.395886021808828900e+03 1.597907728114005522e+03 1.562455256978583407e+02
1.850917299221912782e-01 3.093197761287839057e+03 1.411787194380169240e+03 1.514114086507441073e+02
1.950858372611871949e-01 2.799972681368651138e+03 1.262945466744683017e+03 1.765924012961113760e+02
2.050847103204223310e-01 2.529176625442792556e+03 1.114757787992662770e+03 1.399713599124971495e+02
2.150791300603901723e-01 2.275086336055437187e+03 1.014063257990686111e+03 1.195469957045454947e+02
2.250737298340859671e-01 2.054672203315916249e+03 9.497795185551059376e+02 1.484221562462996076e+02
2.350712478192618915e-01 1.866919468245615235e+03 8.357594543104315790e+02 1.378181142371490751e+02
2.450684092287588878e-01 1.702835604865222649e+03 7.405620327633812394e+02 1.140337015467163440e+02
2.550643278764201938e-01 1.569583936697226818e+03 6.698664376113713388e+02 1.087323935395394017e+02
2.650619011823764914e-01 1.440554892420278520e+03 6.033243817988907267e+02 1.127528598677066753e+02
2.750591448975683861e-01 1.312994671750201405e+03 5.457406341384722737e+02 1.110865070772569396e+02
2.850551117562060699e-01 1.205736870258594990e+03 4.812079646773415220e+02 9.887649079553925446e+01
2.950567117222437918e-01 1.118925380626977130e+03 4.338054278681213418e+02 8.549988003731662900e+01
