# k     Q0     Q2
# Pshot=0.0
# wnorm=1.147879215596722
# alpha1=0.05015562996635417
# alpha2=0.05002521685764392
7.489519112849040913e-03 3.525415854614372074e+04 8.699296741708216359e+03
1.606577831472411760e-02 4.837144617543162167e+04 2.004437710371507637e+04
2.566305929284705065e-02 4.334333242580519436e+04 1.747282940296146262e+04
3.547406197596878613e-02 3.534413901154156338e+04 1.540096946706427116e+04
4.536407469901365674e-02 2.806886592967161050e+04 1.224279568699125048e+04
5.529813676913161724e-02 2.327089403448563098e+04 1.012568711863540375e+04
6.525906970170512744e-02 2.018520928076691780e+04 8.681338089953405870e+03
7.522583763018984848e-02 1.726074603073762046e+04 7.444830767889447088e+03
8.520013409482914135e-02 1.410663941411226915e+04 5.938427968298631640e+03
9.517892595161110691e-02 1.153257063128125810e+04 4.891814411762386953e+03
1.051667122353206613e-01 9.761135856326956855e+03 4.180446895994320585e+03
1.151525497149245986e-01 8.492474364411313218e+03 3.585350692035195152e+03
1.251382427907392347e-01 7.597058804918719034e+03 3.239637583990303938e+03
1.351288343039163120e-01 6.729825233489263155e+03 2.788016217872494053e+03
1.451149978574327870e-01 5.865820366507389735e+03 2.486316626499607082e+03
1.551096551384889277e-01 5.124568234037419643e+03 2.200957386658772975e+03
1.651060891713686252e-01 4.492065209046528253e+03 1.912588344665476143e+03
1.750993520362841560e-01 4.035049113054431928e+03 1.713645154556863872e+03
1.850917299221912782e-01 3.657912639039904661e+03 1.523943793380721218e+03
1.950858372611871949e-01 3.305150868066523799e+03 1.393754652889948829e+03
2.050847103204223310e-01 2.975079740639859210e+03 1.218440276816732649e+03
2.150791300603901723e-01 2.680711639251712768e+03 1.102616588142201181e+03
2.250737298340859671e-01 2.434584010737957215e+03 1.059721856515326635e+03
2.350712478192618915e-01 2.201223249969787958e+03 9.378469463379491344e+02
2.450684092287588878e-01 1.999060417970576509e+03 8.250314413165041287e+02
2.550643278764201938e-01 1.837530511741773580e+03 7.504089513443633450e+02
2.650619011823764914e-01 1.681884645139836039e+03 6.868450187379327190e+02
2.750591448975683861e-01 1.531290925405588496e+03 6.280269356771809726e+02
2.850551117562060699e-01 1.398220056129533759e+03 5.544498097110738399e+02
2.950567117222437918e-01 1.292447551774225531e+03 4.971386723402069379e+02
