# k     P0     P2     P4
# Pshot=5146.4906395934795
# wnorm=3.660252945940043
# alpha1=0.05002521685764391
# alpha2=0.05002521685764391
7.489519112849040913e-03 1.924439677635870612e+04 5.173452659848157964e+03 -9.505218002846786476e+02
1.606577831472411760e-02 2.343456802461895495e+04 1.183171496517702508e+04 9.092293354307460618e+01
2.566305929284705065e-02 2.146463405240342399e+04 1.157891214054466400e+04 2.313474851012668410e+01
3.547406197596878613e-02 1.790049836520579993e+04 1.011150378470594296e+04 9.283746749650883601e+01
4.536407469901365674e-02 1.465167517108715765e+04 8.253577129044999310e+03 1.324630461383399052e+02
5.529813676913161724e-02 1.243594973158773973e+04 6.919087180413254828e+03 1.306528523939042259e+02
6.525906970170512744e-02 1.089729357310269734e+04 6.016991192563725235e+03 1.408947720338679517e+02
7.522583763018984848e-02 9.435988942168572976e+03 5.186711357545960709e+03 1.650230567540234858e+02
8.520013409482914135e-02 7.917894194785816580e+03 4.096926958044658022e+03 8.001905118785481363e+01
9.517892595161110691e-02 6.648598219961580071e+03 3.337535143982232057e+03 5.745403322686636471e+01
1.051667122353206613e-01 5.693360490235623729e+03 2.800082923257217317e+03 5.091602927667228329e+01
1.151525497149245986e-01 5.066125742514811463e+03 2.449927765737776554e+03 1.115212903854799578e+02
1.251382427907392347e-01 4.592578624886760736e+03 2.158057706473716735e+03 1.175188197645210550e+02
1.351288343039163120e-01 4.128215842994647574e+03 1.901735542687850511e+03 9.115868237163348908e+01
1.451149978574327870e-01 3.661313559341665041e+03 1.640119444966607716e+03 1.242015814753435166e+02
1.551096551384889277e-01 3.248904745370065484e+03 1.409594931046648753e+03 1.234932593557025058e+02
1.651060891713686252e-01 2.925457906464400367e+03 1.242666392665287958e+03 1.233214347868985499e+02
1.750993520362841560e-01 2.668687356481112602e+03 1.106831808546273805e+03 1.298682502271063868e+02
1.850917299221912782e-01 2.459491239173765280e+03 9.758087441363319385e+02 9.710458856528285310e+01
1.950858372611871949e-01 2.268240434203787117e+03 8.631399730341438499e+02 1.031468265556390094e+02
2.050847103204223310e-01 2.083238437002105002e+03 7.576727348561064446e+02 9.579376540763379921e+01
2.150791300603901723e-01 1.915120068711009708e+03 6.687291279236255832e+02 9.522283247491576219e+01
2.250737298340859671e-01 1.769589352919508656e+03 6.040031261508199805e+02 9.871126166784833345e+01
2.350712478192618915e-01 1.643663007276280268e+03 5.372910065149570755e+02 9.011531409611930599e+01
2.450684092287588878e-01 1.533150965404360704e+03 4.732571895328587743e+02 8.163706522166626200e+01
2.550643278764201938e-01 1.430527579447453036e+03 4.134099833900289696e+02 8.281805912897026190e+01
2.650619011823764914e-01 1.337845340498528458e+03 3.699845994439537549e+02 7.737171845877281839e+01
2.750591448975683861e-01 1.256259058976380857e+03 3.256443669258689511e+02 7.707906638702390012e+01
2.850551117562060699e-01 1.174505402431535913e+03 2.782594397114685876e+02 6.806429118220262353e+01
2.950567117222437918e-01 1.109302611909965208e+03 2.406308387073520692e+02 4.774736573089293756e+01
