# k     Q0     Q2
# Pshot=5146.4906395934795
# wnorm=3.660252945940043
# alpha1=0.05002521685764391
# alpha2=0.05002521685764391
7.489519112849040913e-03 2.131377784029797476e+04 4.469362437415068598e+03
1.606577831472411760e-02 2.816725401068975771e+04 1.189906528632005029e+04
2.566305929284705065e-02 2.609619890862127431e+04 1.159604899129291698e+04
3.547406197596878613e-02 2.194509987908820403e+04 1.018027227914778632e+04
4.536407469901365674e-02 1.795310602270515665e+04 8.351697903962309283e+03
5.529813676913161724e-02 1.520358460375304276e+04 7.015867071075412241e+03
6.525906970170512744e-02 1.330409005012817943e+04 6.121357690366592578e+03
7.522583763018984848e-02 1.151067348518697145e+04 5.308950658845233193e+03
8.520013409482914135e-02 9.556664978003682336e+03 4.156200329294919356e+03
9.517892595161110691e-02 7.983612277554476350e+03 3.380093687113240321e+03
1.051667122353206613e-01 6.813393659538499378e+03 2.837798500499192869e+03
1.151525497149245986e-01 6.046096848809923358e+03 2.532536128986275799e+03
1.251382427907392347e-01 5.455801707476243791e+03 2.245108684077062208e+03
1.351288343039163120e-01 4.888910060069792962e+03 1.969260492592768514e+03
1.451149978574327870e-01 4.317361337328303307e+03 1.732120616429823940e+03
1.551096551384889277e-01 3.812742717788733898e+03 1.501071419458280843e+03
1.651060891713686252e-01 3.422524463530511639e+03 1.334015603618546720e+03
1.750993520362841560e-01 3.111420079899623943e+03 1.203030512418202534e+03
1.850917299221912782e-01 2.849814736828291643e+03 1.047738068999505231e+03
1.950858372611871949e-01 2.613496423417446294e+03 9.395450297420258039e+02
2.050847103204223310e-01 2.386307530944543942e+03 8.286310796025005629e+02
2.150791300603901723e-01 2.182611719880462260e+03 7.392645593865267983e+02
2.250737298340859671e-01 2.011190603379840013e+03 6.771225792381140991e+02
2.350712478192618915e-01 1.858579409882265963e+03 6.040430910306007490e+02
2.450684092287588878e-01 1.722453841217502259e+03 5.337290896970553149e+02
2.550643278764201938e-01 1.595891572803463077e+03 4.747566938559335199e+02
2.650619011823764914e-01 1.485839180276108891e+03 4.272969834874884327e+02
2.750591448975683861e-01 1.386516805746728096e+03 3.827399716569978523e+02
2.850551117562060699e-01 1.285809178316121915e+03 3.286774331797671493e+02
2.950567117222437918e-01 1.205554947392904978e+03 2.759992577672729226e+02
