# k     P0     P2     P4
# Pshot=7501.359579148184
# wnorm=3.841079105000774
# alpha1=0.038617926693288396
# alpha2=0.038617926693288396
7.489519112849040913e-03 1.473422554827893509e+04 1.011743592686247575e+04 3.385753464771363724e+03
1.606577831472411760e-02 2.762432355779932550e+04 7.812651211563916149e+03 7.727289993153990508e+03
2.566305929284705065e-02 2.357313856820718502e+04 1.115110711859716321e+04 3.180786657904973254e+03
3.547406197596878613e-02 1.923199029282243646e+04 9.438596908433384669e+03 1.722277033101292545e+03
4.536407469901365674e-02 1.520269790346635637e+04 8.300267724201597957e+03 7.095053794352670593e+02
5.529813676913161724e-02 1.274184752221778035e+04 7.072987482649877165e+03 2.739475378263057337e+02
6.525906970170512744e-02 1.115069659063646577e+04 6.224883181655141016e+03 1.072524441549011271e+02
7.522583763018984848e-02 9.618364609459627900e+03 5.280939905771762824e+03 3.831713012868078749e+01
8.520013409482914135e-02 8.035762091801551833e+03 4.232489692875068613e+03 1.240388750158042512e+02
9.517892595161110691e-02 6.659361331268783033e+03 3.427048063043362163e+03 9.350898043772394885e+01
1.051667122353206613e-01 5.708811795495720617e+03 2.833881769126112886e+03 1.051673789274460091e+02
1.151525497149245986e-01 5.079340179573487148e+03 2.476330332441094015e+03 8.309192603617701423e+01
1.251382427907392347e-01 4.609497965181282780e+03 2.197405816583152955e+03 1.579834898020628202e+02
1.351288343039163120e-01 4.140696893644914780e+03 1.879995799718214357e+03 1.172469328093800414e+02
1.451149978574327870e-01 3.679625447041095867e+03 1.625982058515102835e+03 1.116566243831667578e+02
1.551096551384889277e-01 3.263315228304428729e+03 1.411185565609083369e+03 9.507196362195122674e+01
1.651060891713686252e-01 2.941869404874803422e+03 1.249266015595270801e+03 1.268313869878264484e+02
1.750993520362841560e-01 2.695667844772033732e+03 1.102130047830275089e+03 9.561930079382992176e+01
1.850917299221912782e-01 2.490620346577261898e+03 9.670636256322966346e+02 1.250762038569199603e+02
1.950858372611871949e-01 2.293349916154993025e+03 8.398519513240734113e+02 1.189001420423134476e+02
2.050847103204223310e-01 2.117800973480329958e+03 7.575801660602407992e+02 9.747516169415970921e+01
2.150791300603901723e-01 1.937470951758775527e+03 6.650725806747420847e+02 7.385312335335095213e+01
2.250737298340859671e-01 1.796005027409812783e+03 5.758172135493763335e+02 9.313534546891422394e+01
2.350712478192618915e-01 1.675910610166376500e+03 5.253566899508032293e+02 1.071534317178895321e+02
2.450684092287588878e-01 1.557447671430809123e+03 4.479380634487548605e+02 9.530599619506679687e+01
2.550643278764201938e-01 1.464289532826121558e+03 3.828942551155817569e+02 7.920306532248723386e+01
2.650619011823764914e-01 1.374173352525046312e+03 3.345300019069643440e+02 8.102015864169237602e+01
2.750591448975683861e-01 1.289635785190181196e+03 3.034672810853711553e+02 7.022703116304080595e+01
2.850551117562060699e-01 1.210156888934951894e+03 2.554506737445223337e+02 8.080273029475318936e+01
2.950567117222437918e-01 1.139192126697649883e+03 2.171977413954290625e+02 7.398419362834646051e+01
