# k     Q0     Q2
# Pshot=7117.538385088939
# wnorm=3.759047218746835
# alpha1=0.038617926657106026
# alpha2=0.038617926657106026
7.489519112849040913e-03 2.621388091211942810e+04 -4.411494515075904928e+03
1.606577831472411760e-02 2.819199900484404134e+04 9.838424130792791402e+03
2.566305929284705065e-02 2.575068222497477109e+04 1.045413607178937491e+04
3.547406197596878613e-02 2.165465572443716155e+04 9.554610725966955215e+03
4.536407469901365674e-02 1.779245818006887203e+04 7.750006745769151166e+03
5.529813676913161724e-02 1.509001610062314103e+04 6.544381623831570323e+03
6.525906970170512744e-02 1.318947523070127500e+04 5.723095258639967142e+03
7.522583763018984848e-02 1.144292641092017220e+04 4.990034030458999041e+03
8.520013409482914135e-02 9.551774955113218311e+03 3.921040035729605734e+03
9.517892595161110691e-02 7.961804585170140854e+03 3.169195470664070854e+03
1.051667122353206613e-01 6.818428521650136645e+03 2.622501345963390122e+03
1.151525497149245986e-01 6.052741175651485719e+03 2.348711900347389474e+03
1.251382427907392347e-01 5.469009549462542964e+03 2.134757570722460514e+03
1.351288343039163120e-01 4.897495423151364776e+03 1.853548070852041064e+03
1.451149978574327870e-01 4.341386493732684357e+03 1.647560649878271306e+03
1.551096551384889277e-01 3.849591716688911220e+03 1.420854767348161658e+03
1.651060891713686252e-01 3.463641820045873374e+03 1.293797532757310591e+03
1.750993520362841560e-01 3.141099830901854602e+03 1.126025097971750711e+03
1.850917299221912782e-01 2.883681088071172326e+03 9.924886092506371824e+02
1.950858372611871949e-01 2.649187877880002816e+03 8.856635502799248343e+02
2.050847103204223310e-01 2.424950239119322760e+03 7.824738055403247472e+02
2.150791300603901723e-01 2.223969447729009971e+03 7.065281093274260229e+02
2.250737298340859671e-01 2.043711577915596763e+03 6.334686070614519622e+02
2.350712478192618915e-01 1.890052346190508615e+03 5.626721301085307232e+02
2.450684092287588878e-01 1.753395861338573241e+03 5.012190189483271752e+02
2.550643278764201938e-01 1.626494484309880136e+03 4.243663633757773255e+02
2.650619011823764914e-01 1.523104729359992916e+03 3.975670182970116002e+02
2.750591448975683861e-01 1.418966577697202638e+03 3.447386755000446215e+02
2.850551117562060699e-01 1.322156651497145049e+03 3.025424236040572623e+02
2.950567117222437918e-01 1.241113128016127575e+03 2.534429613790235294e+02
