# k     P0     P2     P4
# Pshot=13478.583772270016
# wnorm=2.342806759242772
# alpha1=0.049993139833540964
# alpha2=0.049993139833540964
7.489519112849040913e-03 5.628201900933867728e+04 9.727694589404623912e+03 -4.792138558488768467e+02
1.606577831472411760e-02 6.629438061383247259e+04 2.284667069417351377e+04 1.724332593353046832e+03
2.566305929284705065e-02 5.875743719320932723e+04 2.205778222335516693e+04 1.785556360257213555e+03
3.547406197596878613e-02 4.736558224939767388e+04 1.830149872796028649e+04 1.231861992163886043e+03
4.536407469901365674e-02 3.799608261163849238e+04 1.525224012796188617e+04 7.243060936977972233e+02
5.529813676913161724e-02 3.194953985338624261e+04 1.221385904486775325e+04 1.139165197207496476e+03
6.525906970170512744e-02 2.795911799734080705e+04 1.059122250239333880e+04 6.922184796760416248e+02
7.522583763018984848e-02 2.407528731391904876e+04 8.918316965152303965e+03 5.566892064446858512e+02
8.520013409482914135e-02 2.014217182015250728e+04 7.329595789546562628e+03 5.030652847772702216e+02
9.517892595161110691e-02 1.678204832977709157e+04 6.190864798964485999e+03 3.860006547247128310e+02
1.051667122353206613e-01 1.444365703220240721e+04 5.149783149336517454e+03 4.179212432495570511e+02
1.151525497149245986e-01 1.287343921139903796e+04 4.413981435767439507e+03 3.977709881380110915e+02
1.251382427907392347e-01 1.166040025320045970e+04 3.845988785647688928e+03 3.741807483432632466e+02
1.351288343039163120e-01 1.049815381589247590e+04 3.383726489109243175e+03 4.152805214774442106e+02
1.451149978574327870e-01 9.333710445079543206e+03 2.995478815998188566e+03 3.166550746793977282e+02
1.551096551384889277e-01 8.288967779598626294e+03 2.657263165360232506e+03 3.202787540443086982e+02
1.651060891713686252e-01 7.456884659758929047e+03 2.329308264458791200e+03 2.868632114224135421e+02
1.750993520362841560e-01 6.811935559873229067e+03 2.089709763985974860e+03 2.702057543851028072e+02
1.850917299221912782e-01 6.279510243974660625e+03 1.851068272556326747e+03 2.460771758168142753e+02
1.950858372611871949e-01 5.795835197383270497e+03 1.640363490108032693e+03 2.252480915196628359e+02
2.050847103204223310e-01 5.329279561168254077e+03 1.444097247702572304e+03 2.371886779935483105e+02
2.150791300603901723e-01 4.908891856730684594e+03 1.274567185657804430e+03 2.357026613428681401e+02
2.250737298340859671e-01 4.525111888878966056e+03 1.147295103331599421e+03 1.939733806248130179e+02
2.350712478192618915e-01 4.204672981196223191e+03 1.020599943882130674e+03 1.922677591348743817e+02
2.450684092287588878e-01 3.919221980600671941e+03 8.818535051379176366e+02 1.886618237496799679e+02
2.550643278764201938e-01 3.661845052115033923e+03 7.841227348062833471e+02 1.753547123857582619e+02
2.650619011823764914e-01 3.417453725141041559e+03 6.828394975147551804e+02 1.545638070888923323e+02
2.750591448975683861e-01 3.194884647171673805e+03 5.908651435612263185e+02 1.604045001110674775e+02
2.850551117562060699e-01 2.989299382849167614e+03 4.879729784806310704e+02 1.622582568210815737e+02
2.950567117222437918e-01 2.810384383052646626e+03 4.242943176911861656e+02 1.123443506240981407e+02
