# k     P0     P2     P4
# Pshot=7117.538385088939
# wnorm=3.759047218746835
# alpha1=0.038617926657106026
# alpha2=0.038617926657106026
7.489519112849040913e-03 2.986321537677411834e+04 -9.123336161636716497e+03 6.360986222857093708e+03
1.606577831472411760e-02 2.639179355775691147e+04 4.500513617717866509e+03 7.206179192651165977e+03
2.566305929284705065e-02 2.252289135562072624e+04 8.069477173385089372e+03 3.219289512845747140e+03
3.547406197596878613e-02 1.823115200888844993e+04 8.558759288871729950e+03 1.344399440078561156e+03
4.536407469901365674e-02 1.479839714033025120e+04 7.485152599346678471e+03 3.575530976703612396e+02
5.529813676913161724e-02 1.250666178778403264e+04 6.458385782097697302e+03 1.160943863407063645e+02
6.525906970170512744e-02 1.092471829856632030e+04 5.661892330337367639e+03 8.262395320850578173e+01
7.522583763018984848e-02 9.484731825650496830e+03 4.895486463174216624e+03 1.276392158344372092e+02
8.520013409482914135e-02 7.993094791149357661e+03 3.896700409909641166e+03 3.285849485695348449e+01
9.517892595161110691e-02 6.707158553350529473e+03 3.136615079549066195e+03 4.398352800525790940e+01
1.051667122353206613e-01 5.765703518618061935e+03 2.631812507580214969e+03 -1.257006818271685233e+01
1.151525497149245986e-01 5.130720802934240965e+03 2.305050931793098243e+03 5.894230754829405328e+01
1.251382427907392347e-01 4.644854383056604092e+03 2.060387916014884922e+03 1.003990338552203383e+02
1.351288343039163120e-01 4.181400398946398127e+03 1.790237560512430264e+03 8.546918895847295516e+01
1.451149978574327870e-01 3.714978513057041255e+03 1.566019951689107984e+03 1.100799425553643971e+02
1.551096551384889277e-01 3.314412141450866329e+03 1.337948938095101539e+03 1.119228694916283757e+02
1.651060891713686252e-01 2.988965999752162134e+03 1.186689550734289469e+03 1.445957757310777652e+02
1.750993520362841560e-01 2.726472932518478956e+03 1.036567245958449348e+03 1.207681002179534175e+02
1.850917299221912782e-01 2.516127285933405801e+03 9.188845053444234736e+02 9.936554027338975459e+01
1.950858372611871949e-01 2.326607422849859176e+03 8.064511375753521634e+02 1.069367571511740920e+02
2.050847103204223310e-01 2.139610163200580701e+03 7.133501897968477579e+02 9.331688125369208819e+01
2.150791300603901723e-01 1.969333395353133710e+03 6.365901309396706438e+02 9.441627082346766997e+01
2.250737298340859671e-01 1.818768960798546914e+03 5.623565427926060920e+02 9.600128676294059460e+01
2.350712478192618915e-01 1.691125563798276971e+03 4.973169559805784274e+02 8.822948507273625296e+01
2.450684092287588878e-01 1.579485082432654963e+03 4.347769472647933640e+02 8.969679677276931784e+01
2.550643278764201938e-01 1.478830122239902266e+03 3.691609051749395576e+02 7.452736857113038127e+01
2.650619011823764914e-01 1.386584796427880747e+03 3.412998323302985568e+02 7.596070105506200321e+01
2.750591448975683861e-01 1.301268029258908882e+03 2.942463710957375156e+02 6.816461094581302405e+01
2.850551117562060699e-01 1.221885486588444792e+03 2.506779122717485393e+02 7.001709029861694944e+01
2.950567117222437918e-01 1.154046909298246419e+03 2.176655467947099964e+02 4.829950968882420170e+01
