# k     Q0     Q2
# Pshot=13261.982517118122
# wnorm=0.5087249785515123
# alpha1=0.049997150407643375
# alpha2=0.049997150407643375
7.489519112849040913e-03 5.182396792071698292e+04 1.499933869586096307e+03
1.606577831472411760e-02 7.375495634407894977e+04 1.780563156852828615e+04
2.566305929284705065e-02 6.757749953241934418e+04 2.215235558558028060e+04
3.547406197596878613e-02 5.494133105437567428e+04 1.773670629754269976e+04
4.536407469901365674e-02 4.457453506027968979e+04 1.535873267262934678e+04
5.529813676913161724e-02 3.737725028501761699e+04 1.277098966676729469e+04
6.525906970170512744e-02 3.263903171615000610e+04 1.098773779534252208e+04
7.522583763018984848e-02 2.824172675079119290e+04 9.480360241390444571e+03
8.520013409482914135e-02 2.373467450810719311e+04 7.852471565273498527e+03
9.517892595161110691e-02 1.973480191626890155e+04 6.501059602277427075e+03
1.051667122353206613e-01 1.696714337015396450e+04 5.505163808912229797e+03
1.151525497149245986e-01 1.510378350517197578e+04 4.749157257250829389e+03
1.251382427907392347e-01 1.357099770546636319e+04 4.188055436815260691e+03
1.351288343039163120e-01 1.222984046185256739e+04 3.757714920786444509e+03
1.451149978574327870e-01 1.091843939209527889e+04 3.325610036744486479e+03
1.551096551384889277e-01 9.719819070257071871e+03 2.906551037582168192e+03
1.651060891713686252e-01 8.727158264623463765e+03 2.607879981173536635e+03
1.750993520362841560e-01 7.939331572907935879e+03 2.301429860416171778e+03
1.850917299221912782e-01 7.314134372913682455e+03 2.037361558622912071e+03
1.950858372611871949e-01 6.710770573774635523e+03 1.830249397703548766e+03
2.050847103204223310e-01 6.191181565149498965e+03 1.655020995362832991e+03
2.150791300603901723e-01 5.682192646537258952e+03 1.497808803632293575e+03
2.250737298340859671e-01 5.240842706782013011e+03 1.275249052065609476e+03
2.350712478192618915e-01 4.843633805025969195e+03 1.136428094543674433e+03
2.450684092287588878e-01 4.491380756851751357e+03 1.026506482424270871e+03
2.550643278764201938e-01 4.169456016349975471e+03 8.956400579540600120e+02
2.650619011823764914e-01 3.903982033898854752e+03 8.097754433623567820e+02
2.750591448975683861e-01 3.626457016588404713e+03 6.995956685619585187e+02
2.850551117562060699e-01 3.382862942945460873e+03 5.978639456569208050e+02
2.950567117222437918e-01 3.176707876693507842e+03 5.133738433577095748e+02
