# k     P0     P2     P4
# Pshot=0.0
# wnorm=0.7138395575699026
# alpha1=0.049997150407643375
# alpha2=0.04995346348239551
7.489519112849040913e-03 2.975576155673765243e+04 9.964629188960834654e+03 -1.839362586651077208e+03
1.606577831472411760e-02 4.221600251230992581e+04 2.287354865521070678e+04 -6.857534060686499515e+02
2.566305929284705065e-02 3.784843536938457692e+04 1.983615500510724087e+04 2.348917460128051289e+02
3.547406197596878613e-02 2.987572012271131098e+04 1.558843160232402442e+04 -4.625208111288466171e+02
4.536407469901365674e-02 2.374747304069363963e+04 1.257060035031430562e+04 7.796139677046678571e+02
5.529813676913161724e-02 1.972260259927182051e+04 1.009254635233458976e+04 5.924618156372029034e+02
6.525906970170512744e-02 1.705358913414408380e+04 8.840399953168682259e+03 4.073684055369046746e+02
7.522583763018984848e-02 1.462745500066489512e+04 7.492330673623699113e+03 1.653850474421429908e+02
8.520013409482914135e-02 1.201653996727763115e+04 6.153107202294565468e+03 4.550312474775319060e+02
9.517892595161110691e-02 9.734867081025173320e+03 4.942660813394922116e+03 1.857624433518556657e+02
1.051667122353206613e-01 8.188537517193726671e+03 4.147803864261034505e+03 2.364056722096122485e+02
1.151525497149245986e-01 7.209509032628541718e+03 3.682880149209081537e+03 1.366065535877747834e+02
1.251382427907392347e-01 6.470550696430909738e+03 3.198261731477769445e+03 1.647991643611352686e+02
1.351288343039163120e-01 5.730469371237265477e+03 2.735743884489982065e+03 1.844725646294103001e+02
1.451149978574327870e-01 4.993476219775992831e+03 2.426941137934671588e+03 2.656818948162182892e+02
1.551096551384889277e-01 4.319172749186868714e+03 2.131161930773477707e+03 1.866962014248816502e+02
1.651060891713686252e-01 3.826215132679908038e+03 1.888392691975752086e+03 1.958247528149472600e+02
1.750993520362841560e-01 3.408393184136768014e+03 1.663129941256726397e+03 1.940936992511649635e+02
1.850917299221912782e-01 3.117656428576727649e+03 1.456318706563751675e+03 1.388258424781641622e+02
1.950858372611871949e-01 2.824657763621766662e+03 1.324746381490798967e+03 1.812540738248967216e+02
2.050847103204223310e-01 2.545080590931003371e+03 1.161162497518903592e+03 1.721113453674674929e+02
2.150791300603901723e-01 2.286668332509777429e+03 1.037070018144846017e+03 1.639858952503857665e+02
2.250737298340859671e-01 2.067665679608853225e+03 9.306567443870131910e+02 1.308886662259725142e+02
2.350712478192618915e-01 1.884826160622897305e+03 8.588632618330515243e+02 1.409625421432312180e+02
2.450684092287588878e-01 1.728098277615364395e+03 7.668434761314008483e+02 1.405647451033238440e+02
2.550643278764201938e-01 1.580404286174528352e+03 6.911031534652670416e+02 1.267079771325195878e+02
2.650619011823764914e-01 1.449219271692878920e+03 6.168442803833047492e+02 1.448070281648413413e+02
2.750591448975683861e-01 1.325281201161938498e+03 5.543817811187052484e+02 1.177922033816059866e+02
2.850551117562060699e-01 1.215647622255026135e+03 4.985997731508328457e+02 1.175351278115288096e+02
2.950567117222437918e-01 1.126810031433861468e+03 4.266007896887115862e+02 7.561860946337154132e+01
