# k     P0     P2     P4
# Pshot=13261.982517118122
# wnorm=0.5087249785515123
# alpha1=0.049997150407643375
# alpha2=0.049997150407643375
7.489519112849040913e-03 5.120174853859858558e+04 1.555548455296033580e+03 -7.507969070840964321e+01
1.606577831472411760e-02 6.637318742296379060e+04 1.845442230278764328e+04 -8.758674912501459175e+02
2.566305929284705065e-02 5.916090050704659370e+04 2.104149756343182889e+04 1.499658329900424633e+03
3.547406197596878613e-02 4.793286706045333267e+04 1.752115998480576673e+04 2.909875221948692570e+02
4.536407469901365674e-02 3.883966976212924783e+04 1.433716324537617220e+04 1.379118726791779636e+03
5.529813676913161724e-02 3.261289607406542927e+04 1.191088552738027829e+04 1.161140588172475873e+03
6.525906970170512744e-02 2.846597534501483096e+04 1.043264092783790147e+04 7.493807711312443871e+02
7.522583763018984848e-02 2.466695143162248496e+04 8.936938297921777121e+03 7.336196236826922359e+02
8.520013409482914135e-02 2.077145830855992244e+04 7.408040498868064788e+03 5.999819396473180859e+02
9.517892595161110691e-02 1.727844563562602707e+04 6.140890701607244409e+03 4.862280159047489292e+02
1.051667122353206613e-01 1.487814053325309578e+04 5.222507092252176335e+03 3.815865674910576217e+02
1.151525497149245986e-01 1.332519123212857448e+04 4.446480682608515963e+03 4.086133757671198055e+02
1.251382427907392347e-01 1.203168524797101782e+04 3.848281143738378887e+03 4.586952956537913906e+02
1.351288343039163120e-01 1.086174099567204394e+04 3.420248665451324086e+03 4.555794447024061355e+02
1.451149978574327870e-01 9.701304778962161436e+03 3.042836532832733610e+03 3.817442302808620980e+02
1.551096551384889277e-01 8.644844104117704774e+03 2.687437415348417289e+03 2.958033900155606943e+02
1.651060891713686252e-01 7.781485663237596782e+03 2.364181503464652451e+03 3.289929449069940688e+02
1.750993520362841560e-01 7.106342631679809529e+03 2.082472353070335430e+03 2.955926349168872207e+02
1.850917299221912782e-01 6.582270290055988880e+03 1.829660207144212109e+03 2.803968244962467224e+02
1.950858372611871949e-01 6.058498323621830423e+03 1.630680625382031394e+03 2.694178426340433816e+02
2.050847103204223310e-01 5.605566270600681491e+03 1.464038236372069377e+03 2.578267246375332320e+02
2.150791300603901723e-01 5.152483341264469345e+03 1.324273263181993570e+03 2.342729796079062794e+02
2.250737298340859671e-01 4.782260054152136945e+03 1.146456631574691755e+03 1.738697676627406565e+02
2.350712478192618915e-01 4.437021374211331931e+03 1.016531077036576903e+03 1.618609736345796080e+02
2.450684092287588878e-01 4.137451805034141216e+03 8.848223795440214872e+02 1.912735388883357359e+02
2.550643278764201938e-01 3.868213289242954033e+03 7.531068177675462039e+02 1.924198742517921517e+02
2.650619011823764914e-01 3.634202701062390588e+03 6.744483320911716646e+02 1.826916002160996015e+02
2.750591448975683861e-01 3.400447565967352148e+03 5.650236265526467605e+02 1.816722567125722492e+02
2.850551117562060699e-01 3.194648885040176083e+03 4.705351447632147028e+02 1.718938812065011064e+02
2.950567117222437918e-01 3.010292194836110866e+03 4.160392046434904501e+02 1.314017622641957814e+02
