# k     P0     P2     P4
# Pshot=6060.377066055971
# wnorm=3.9358087155176578
# alpha1=0.050006654928898976
# alpha2=0.050006654928898976
7.489519112849040913e-03 1.933892430489557228e+04 6.049986853528706888e+03 -1.255491906894229942e+03
1.606577831472411760e-02 2.356832759901465397e+04 1.235339993277585745e+04 -8.349211808369915389e+01
2.566305929284705065e-02 2.160768935313892507e+04 1.178846296325775438e+04 -1.116925692200154572e+02
3.547406197596878613e-02 1.797701957976403719e+04 1.011246624161146792e+04 3.121853500607402054e+01
4.536407469901365674e-02 1.472082719094989079e+04 8.265039641866462262e+03 6.913911474901726706e+01
5.529813676913161724e-02 1.249293416348997562e+04 6.932599313309221543e+03 6.573967744436700400e+01
6.525906970170512744e-02 1.094744732325287259e+04 6.038673734681201495e+03 1.497070615925202048e+02
7.522583763018984848e-02 9.502409644933381060e+03 5.218113744422644231e+03 1.798696630660440690e+02
8.520013409482914135e-02 7.967745440097523897e+03 4.089209083635793377e+03 6.134572992289401583e+01
9.517892595161110691e-02 6.696899119036135744e+03 3.334097913278284977e+03 6.048062651719073557e+01
1.051667122353206613e-01 5.728546051142981923e+03 2.781087227949646149e+03 3.680052021754288205e+01
1.151525497149245986e-01 5.108776103795512427e+03 2.447505009474849430e+03 1.004058812896187902e+02
1.251382427907392347e-01 4.634359554786220542e+03 2.163875461393611204e+03 1.059097867952658731e+02
1.351288343039163120e-01 4.167330029031241793e+03 1.900812530679919746e+03 8.338055302969453919e+01
1.451149978574327870e-01 3.698266598048458491e+03 1.631836124443485915e+03 1.174438227577781220e+02
1.551096551384889277e-01 3.285573252143458376e+03 1.406612477178239033e+03 1.213211660936522804e+02
1.651060891713686252e-01 2.962750809757055322e+03 1.243786264004188524e+03 1.288723049585436229e+02
1.750993520362841560e-01 2.702127968122423681e+03 1.091092883389224426e+03 1.174101074399239053e+02
1.850917299221912782e-01 2.494671187671789085e+03 9.670451415781717515e+02 9.636984734743799663e+01
1.950858372611871949e-01 2.304467386053724567e+03 8.607952156652745543e+02 9.848134874616644652e+01
2.050847103204223310e-01 2.115637996838805975e+03 7.637571655419741319e+02 9.073056103219221313e+01
2.150791300603901723e-01 1.949477421602706954e+03 6.690391117378255785e+02 9.249284267694042683e+01
2.250737298340859671e-01 1.801068608269428751e+03 5.956453310289377896e+02 9.220039934244647384e+01
2.350712478192618915e-01 1.674735419012713237e+03 5.317310970534957733e+02 8.172085234048140023e+01
2.450684092287588878e-01 1.563782533865699634e+03 4.625155487489070651e+02 8.232161954150835470e+01
2.550643278764201938e-01 1.461874623048264539e+03 4.088130692003497870e+02 8.148505971473272780e+01
2.650619011823764914e-01 1.367995223596579535e+03 3.727189314588781031e+02 8.020548798064506002e+01
2.750591448975683861e-01 1.285501663615062853e+03 3.240424722542594509e+02 7.141343274852536638e+01
2.850551117562060699e-01 1.204123732499112293e+03 2.749718326053011310e+02 5.602868619553165530e+01
2.950567117222437918e-01 1.136563766140822963e+03 2.369766116835109244e+02 4.218694881388419304e+01
