# k     P0     P2     P4
# Pshot=12508.022132075843
# wnorm=0.8829186887853617
# alpha1=0.05015562996635417
# alpha2=0.05015562996635417
7.489519112849040913e-03 5.331930987221032410e+04 9.887378118310676655e+03 -1.945721462819989256e+03
1.606577831472411760e-02 6.423263951221815660e+04 2.012149194818204342e+04 -8.599804079536561403e+02
2.566305929284705065e-02 5.774063383887553209e+04 1.967552147376065113e+04 1.627453150563861470e+02
3.547406197596878613e-02 4.702123517793398059e+04 1.724474021276135318e+04 6.708976301350526228e+02
4.536407469901365674e-02 3.782243763602900435e+04 1.422809392130821652e+04 1.462428167078155639e+02
5.529813676913161724e-02 3.186938540204361561e+04 1.182869842581691228e+04 3.443385171577412507e+02
6.525906970170512744e-02 2.781601063576523302e+04 1.023835053968347711e+04 4.010246948844348935e+02
7.522583763018984848e-02 2.396570987117714321e+04 8.661673925917086308e+03 4.276079735279203078e+02
8.520013409482914135e-02 2.010281196279335200e+04 7.092879222435343763e+03 2.468111255470157914e+02
9.517892595161110691e-02 1.676991189635260525e+04 5.946517308267011686e+03 2.077911515635580031e+02
1.051667122353206613e-01 1.442809788152274632e+04 5.094439273736998985e+03 3.053435659508888875e+02
1.151525497149245986e-01 1.281757744391197957e+04 4.301382150970403927e+03 3.049795584478433739e+02
1.251382427907392347e-01 1.158869319036385969e+04 3.780802172567799062e+03 3.677609108972352487e+02
1.351288343039163120e-01 1.046833612775607253e+04 3.252067122537635441e+03 3.966980513233133934e+02
1.451149978574327870e-01 9.312933817365887080e+03 2.899077959958270185e+03 3.134512672638402933e+02
1.551096551384889277e-01 8.283862241373506549e+03 2.587515023411053789e+03 2.748456225004873659e+02
1.651060891713686252e-01 7.439754921406638459e+03 2.311139964403333579e+03 3.108565704598123034e+02
1.750993520362841560e-01 6.802938469809349954e+03 2.078781453985914595e+03 2.761359834479596884e+02
1.850917299221912782e-01 6.273111713864376725e+03 1.792446194836600398e+03 2.631846547665722369e+02
1.950858372611871949e-01 5.776241810672585416e+03 1.579766290441348701e+03 2.382294504130559858e+02
2.050847103204223310e-01 5.317437213549195803e+03 1.393714052182649766e+03 1.918541716919937983e+02
2.150791300603901723e-01 4.887263720917762839e+03 1.271624921271574522e+03 2.281582362877577452e+02
2.250737298340859671e-01 4.520447712206922915e+03 1.122914829583372011e+03 1.964732217662444498e+02
2.350712478192618915e-01 4.191165394784585260e+03 1.012700317216983080e+03 2.098986357715539839e+02
2.450684092287588878e-01 3.912197480477577756e+03 8.545899955686184057e+02 1.895653304553229930e+02
2.550643278764201938e-01 3.650262921253930926e+03 7.615659723287544693e+02 1.838638925951683234e+02
2.650619011823764914e-01 3.397090359007047482e+03 6.414178334240582444e+02 1.754417893058379718e+02
2.750591448975683861e-01 3.180923499977038773e+03 5.451031556858663407e+02 1.875409622636630900e+02
2.850551117562060699e-01 2.979350153477398180e+03 4.554501056822111877e+02 1.543514945953331789e+02
2.950567117222437918e-01 2.792269690299420745e+03 4.001078900699217229e+02 1.192764186133788940e+02
