# k     Q0     Q2
# Pshot=12508.022132075843
# wnorm=0.8829186887853617
# alpha1=0.05015562996635417
# alpha2=0.05015562996635417
7.489519112849040913e-03 5.727426111953460349e+04 8.446102960666250510e+03
1.606577831472411760e-02 7.228123629149103363e+04 1.948446942377190499e+04
2.566305929284705065e-02 6.561084242837980855e+04 1.979607355898754759e+04
3.547406197596878613e-02 5.391913126303841273e+04 1.774170142026878602e+04
4.536407469901365674e-02 4.351367520455230260e+04 1.433642193368436165e+04
5.529813676913161724e-02 3.660086477237035433e+04 1.208376399408188809e+04
6.525906970170512744e-02 3.191135085163863550e+04 1.053540586922752482e+04
7.522583763018984848e-02 2.743037944154392972e+04 8.978420572974795505e+03
8.520013409482914135e-02 2.293996365176745167e+04 7.275702278396090151e+03
9.517892595161110691e-02 1.914851881965936991e+04 6.100436679795574491e+03
1.051667122353206613e-01 1.646587359101757829e+04 5.320619692959889107e+03
1.151525497149245986e-01 1.453813030430014624e+04 4.527292935005837535e+03
1.251382427907392347e-01 1.310101405939100187e+04 4.053217662121307512e+03
1.351288343039163120e-01 1.176916297677111652e+04 3.545917530925272786e+03
1.451149978574327870e-01 1.047256500134920316e+04 3.131264083857409787e+03
1.551096551384889277e-01 9.318868250737941707e+03 2.791104373411412780e+03
1.651060891713686252e-01 8.364210907167980622e+03 2.541404090669861034e+03
1.750993520362841560e-01 7.634451051403721067e+03 2.283326626910328741e+03
1.850917299221912782e-01 6.990090191799019522e+03 1.987397790959988015e+03
1.950858372611871949e-01 6.408148326849125624e+03 1.756232550006574229e+03
2.050847103204223310e-01 5.874922834422259257e+03 1.535828253435980059e+03
2.150791300603901723e-01 5.395913689426399287e+03 1.440631022225471042e+03
2.250737298340859671e-01 4.969613644040276085e+03 1.268450549410220447e+03
2.350712478192618915e-01 4.596245521671385177e+03 1.168180788158874975e+03
2.450684092287588878e-01 4.254033478705025118e+03 9.950087588688571714e+02
2.550643278764201938e-01 3.954889310185427803e+03 8.977614483251742286e+02
2.650619011823764914e-01 3.653657492376669779e+03 7.713747143913448099e+02
2.750591448975683861e-01 3.398964762251387128e+03 6.840223869922820086e+02
2.850551117562060699e-01 3.161530195750289295e+03 5.697845461231988793e+02
2.950567117222437918e-01 2.952312846327386069e+03 4.884607927464984982e+02
