9.99999999999966E-9	0.041552956633657
1.08840191606906E-8	0.0453525979413625
1.18461873090272E-8	0.0493591015282194
1.28934129652573E-8	0.0537156037977188
1.40332153760547E-8	0.0584685929164531
1.52737785039068E-8	0.0636426223789944
1.66240097892654E-8	0.0692724040476548
1.80936041073878E-8	0.0753968740461116
1.96931133790746E-8	0.0820621762286204
2.14340223351486E-8	0.0893152555789488
2.33288309786411E-8	0.0972029041897193
2.53911443368026E-8	0.10578898716644
2.76357701473628E-8	0.115139412162085
3.00788251804318E-8	0.12533168753284
3.2737850959486E-8	0.136412183865536
3.56319397122855E-8	0.148478439970386
3.87818714561062E-8	0.161606378323908
4.2210263201567E-8	0.175891948979498
4.59417313463664E-8	0.191428305424246
5.00030684249117E-8	0.20833736423033
5.44234354830026E-8	0.226744597632044
5.92345714587567E-8	0.246803550459073
6.44710210732362E-8	0.26864056492887
7.01703828670411E-8	0.292401107282254
7.6373579163782E-8	0.318249271543129
8.31251498989069E-8	0.346385923079177
9.04735724234918E-8	0.376996417436679
9.84716095793348E-8	0.410298508333822
1.07176688544545E-7	0.446534601149477
1.16651313169823E-7	0.485996827172423
1.26963512765999E-7	0.529009559104567
1.38187330565363E-7	0.575800467497441
1.50403355363799E-7	0.626730795329332
1.63699300161164E-7	0.682142493618552
1.7817063195458E-7	0.742431681215532
1.93921257206587E-7	0.808025162556965
2.11064267910156E-7	0.879414771791782
2.29722753607112E-7	0.957079293920912
2.50030685190624E-7	1.04174243005389
2.72133876837544E-7	1.13395642035151
2.96191032977264E-7	1.23424385760057
3.22374887814907E-7	1.34334251981545
3.50873445590269E-7	1.46213387599569
3.81891330478176E-7	1.5912902416599
4.15651255822581E-7	1.73193815842414
4.52395623253822E-7	1.88487411456891
4.92388263170683E-7	2.05149717642702
5.35916329084852E-7	2.23298429894098
5.8329235942861E-7	2.4304944426444
6.34856521630498E-7	2.64544791377231
6.90979054571596E-7	2.87934353403013
7.52062926959262E-7	3.13385606907953
8.1854673070691E-7	3.41072497317958
8.90907830093405E-7	3.71197664743087
9.69665789314525E-7	4.03987499752799
1.05538610303647E-6	4.39736215225244
1.14868425673759E-6	4.78628686566757
1.25023014599148E-6	5.20976117265689
1.36075288642433E-6	5.67017998830416
1.48104604888064E-6	6.17140170373031
1.61197335738809E-6	6.71684807432359
1.75447489083354E-6	7.31024240648164
1.90957383287815E-6	7.95593264853322
2.07838381857977E-6	8.65925759829279
2.262116930469E-6	9.42560748021145
2.46209240149455E-6	10.2596977648019
2.67974608732556E-6	11.1664032842848
2.9166407760238E-6	12.1538147033268
3.17447740910924E-6	13.2280656128802
3.4551072945922E-6	14.3968658719162
3.76054539965808E-6	15.668834132295
4.09298481845227E-6	17.0520372915543
4.45481251884517E-6	18.5612235875984
4.84862648123919E-6	20.203603525889
5.27725435248356E-6	21.9900311360098
5.7437737488265E-6	23.9342630360273
6.25153435368951E-6	26.0499458771608
6.80418196892675E-6	28.3524489414232
7.40568469226266E-6	30.8570128982789
8.06036140886143E-6	33.5822280867974
8.7729128016133E-6	36.5517877885696
9.54845510278205E-6	39.7858601657671
1.03925568293667E-5	43.3065706424599
1.13112787659397E-5	47.1324198193856
1.23112174820392E-5	51.3006982790219
1.33995526965934E-5	55.835168890703
1.45840988294396E-5	60.7667447965263
1.58733611101015E-5	66.1380608731503
1.72765966466911E-5	71.9790236355953
1.88038808934097E-5	78.3455574620594
2.04661799939201E-5	85.2773987656277
2.22754295199954E-5	92.819219562894
2.42446201708226E-5	101.028217276591
2.63878910482881E-5	109.961110178466
2.87206311779793E-5	119.672818614606
3.12595900048234E-5	130.246210463974
3.40229976567807E-5	141.749992267234
3.70306958400507E-5	154.285329860136
4.0304280305679E-5	167.93098861969
4.38672559104869E-5	182.7826570782
4.7745205385661E-5	198.941700081471
5.19659730248618E-5	216.526657654395
5.655986461065E-5	235.664705635674
6.15598650148351E-5	256.482403429645
6.7001875035096E-5	279.129476547667
7.29249691684139E-5	303.780058545176
7.93716761721751E-5	330.651674061271
8.63882844274042E-5	359.894492302431
9.40251742967011E-5	391.707756174787
1.02337179863252E-4	426.324194589346
1.11383982648262E-4	463.987523083807
1.21230540133766E-4	504.942763007595
1.3194755216767E-4	549.521131620901
1.43611968599907E-4	598.015615135251
1.56307541794581E-4	650.836239498545
1.70125427985259E-4	708.333134297403
1.85164841791216E-4	770.864410935716
2.01533768594174E-4	838.890830157026
2.19349739890507E-4	912.889230345277
2.38740677186064E-4	993.320838846107
2.59845810492924E-4	1080.81662022249
2.82816678023003E-4	1175.88537257947
3.07818214256508E-4	1279.26737272935
3.35029934197723E-4	1391.85860345765
3.64647222321276E-4	1514.2156033527
3.96882735463714E-4	1647.16814649702
4.31967929733416E-4	1791.53670549275
4.70154722402212E-4	1948.23004662073
5.1171730071146E-4	2118.46220978774
5.56954090580014E-4	2303.04764200735
6.06189899349759E-4	2503.19165694311
6.5977824795395E-4	2720.53831444485
7.18103909253733E-4	2956.15495697901
7.81585670768407E-4	3211.4096992407
8.50679341636415E-4	3487.60276784401
9.25881025397397E-4	3786.35287937148
0.00100773068209446	4109.02657324951
0.00109681600527314	4457.80628875944
0.00119377664171443	4833.59342620636
0.00129930878420041	5238.94404642051
0.00141417017028902	5675.5442924986
0.00153918552299021	6145.23077572775
0.00167525247240822	6649.13649082915
0.00182334800086843	7188.9837808585
0.0019845354578058	7766.35511890332
0.00215997219478271	8382.93575686825
0.00235091787545728	9039.33082415338
0.00255874352016859	9737.24012695717
0.00278494135008065	10477.2254600233
0.00303113550156759	11259.7770261627
0.00329909368777092	12084.18638103
0.00359073989106104	12949.5366951535
0.00390816817753626	13854.0899391796
0.00425365773275039	14795.120684568
0.00462968922662727	15770.2397440927
0.00503896262506517	16775.7713415904
0.00548441657612099	17805.3406754694
0.00596924950997071	18852.2344721695
0.00649694260414611	19908.3443502766
0.00707128477894299	20963.7246035928
0.00769639990247117	22007.1988559373
0.00837677640068294	23025.5674521033
0.00911729948498496	24003.1521123066
0.00992328622883251	24922.9590363051
0.0108005237451625	25765.3912672248
0.0117553107387837	26509.1434865216
0.0127945027320787	27129.1951894885
0.0139255612887447	27604.1375277919
0.0151566075890061	27910.1634599056
0.0164964807409801	28023.2894131689
0.0179548012468783	27922.7126099777
0.0195420400797405	27591.8601206319
0.0212695938666869	27021.2724017148
0.0231498667185117	26209.0435142145
0.0251963592931702	25165.6932515467
0.0274237657326494	23923.4093820329
0.0298480791692432	22527.5329079606
0.0324867065587837	21038.5385497623
0.0353585936653518	19505.5557977765
0.0384843610948744	18007.7015242528
0.0418864523543528	16641.046488039
0.0455892949998108	15456.6153164444
0.0496194760300288	14470.7102108634
0.0540059327854236	13646.3969991536
0.0587801607227491	12918.9144013504
0.0639764395574844	12183.357816838
0.069632079397639	11296.6252758886
0.0757876886362596	10195.7635525862
0.0824874655261463	8935.28067348425
0.0897795155303329	7653.66770162619
0.0977161967269617	6594.6546238528
0.106354495748601	5889.78878396756
0.11575643695533	5434.41175860816
0.125989527779502	4996.84065662086
0.137127243439839	4368.74956866923
0.149249554505182	3645.08406702146
0.162443501095886	3089.18742903084
0.176803817845721	2778.63935618497
0.192433614111598	2477.52352454657
0.209445114315146	2066.70547265687
0.227960463731897	1746.87940712664
0.248112605513776	1542.79249522073
0.270046235242068	1304.16494106275
0.293918839864689	1100.6564583308
0.319901828477507	946.796538513379
0.348181763068898	792.950832004516
0.37896169806447	674.633971602216
0.412462638290134	565.184305212852
0.44892512582186	476.809644954467
0.488610967116033	399.30187610109
0.531805112821419	334.320903259262
0.578817703770127	279.226062850174
0.629986297838067	232.677513026825
0.685678293664174	193.52650719833
0.746293568631012	160.645163546423
0.812267350047971	133.099586821506
0.884073340152507	110.140043159622
0.962227117367512	91.0173676778769
1.04728983823636	75.0825824393245
1.13987226661605	61.8519502940803
1.24063915905883	50.8661028281992
1.35031403786987	41.7671189387978
1.46968438611245	34.2463975858277
1.59960730186149	28.0429929194749
1.74101565230401	22.934547757174
1.89492477187382	18.7466794388165
2.06243975251408	15.3068380005226
2.24476337841323	12.4815427829146
2.44320476218648	10.1656476493029
2.65918874451269	8.26997589908177
2.89426612471673	6.72022816055347
3.15012479575531	5.45527754078474
3.42860186355657	4.42332004663422
3.73169683773274	3.58604932071316
4.06158598837698	2.90515499972746
4.42063797202854	2.35136895194455
4.81143083900327	1.90137798099165
5.23677054420462	1.53613147465004
5.69971109432605	1.23994541857529
6.20357647610426	0.999976341916225
6.75198452307249	0.805756144972311
7.34887289218039	0.648884598251447
7.99852733679673	0.522625065542602
8.70561247909989	0.42061295508857
9.4752053028065	0.338254397490904
10.3128316067218	0.271805900000125
11.224505680853	0.21825589687988
12.2167734899679	0.175163325181375
13.2967596746621	0.140445491798023
14.4722187074114	0.112538915452898
15.7515905709163	0.0901999917991585
17.1440613585197	0.0722679509479436
18.6596292318174	0.0578714140039822
20.3091762090473	0.0463097460620144
22.1045462997102	0.0370345286358343
24.0586305464407	0.0295986490570188
26.1854595847424	0.0236412849668342
28.5003043851812	0.0188713796153234
31.0197859013809	0.0150589176411762
33.7619944111134	0.0120220713519592
36.7466194073669	0.00959117624458133
39.9950909720367	0.00764764207069453
43.5307336473191	0.00609442379621358
47.3789339096317	0.00485376681522324
51.5673224485495	0.00386317455773131
56.1259725595496	0.00307282451272225
61.0876160750504	0.00244271641827027
66.4878783841728	0.00194238917849059
72.3655342286968	0.0015441086759721
78.7627861118702	0.00122663102940769
85.7255673190929	9.73713946345591E-4
93.3038717262035	7.72370011435493E-4
101.552112763457	6.12147432165599E-4
110.529514112602	4.8475787643285E-4
120.300534942333	3.83473930103361E-4
130.93533273536	3.03130102306195E-4
142.510267030299	2.39667938157837E-4
155.108447695284	1.8920294015774E-4
168.820331670036	1.49200031505697E-4
183.744372461073	1.17460824136144E-4
199.987727053529	9.23295464882625E-5
217.667025315347	7.24486792224693E-5
236.909207418262	5.67295983374594E-5
257.852435288427	4.43198233640492E-5
280.647084630984	3.45857701019231E-5
305.456824651544	2.69301760278403E-5
332.459793227092	2.09127680208283E-5
361.849875964276	1.61939985168461E-5
393.838098328851	1.25030579109532E-5
428.654140842091	9.62552005545074E-6
466.547988223446	7.38962643186605E-6
507.79172432054	5.65833025065699E-6
552.681485714461	4.32545644628965E-6
601.53958802748	3.30538193759893E-6
654.716840200477	2.52313281771508E-6
712.595063356845	1.92484746139631E-6
775.589832338899	1.4682049910199E-6
844.153459601298	1.11994423321501E-6
918.778242886335	8.54390490245783E-7
1000	6.51771826907995E-7
