# k     Q0     Q2
# Pshot=0.0
# wnorm=0.7203917185628863
# alpha1=0.050040701932004834
# alpha2=0.04996082415655046
7.489519112849040913e-03 2.141265235036660670e+04 -1.487320262030414779e+04
1.606577831472411760e-02 4.271630947916472360e+04 -1.841458071462458975e+03
2.566305929284705065e-02 4.235243079490654782e+04 7.673040494902911632e+03
3.547406197596878613e-02 3.488746402758434124e+04 9.924705539042852251e+03
4.536407469901365674e-02 2.805023455224627469e+04 1.033129280531313452e+04
5.529813676913161724e-02 2.335096840450138552e+04 8.933820203662078711e+03
6.525906970170512744e-02 2.044039183183525893e+04 8.111503208254346646e+03
7.522583763018984848e-02 1.753431043471203157e+04 7.053505848412471096e+03
8.520013409482914135e-02 1.435445521014117185e+04 6.084336362201212978e+03
9.517892595161110691e-02 1.157501358637686644e+04 4.922154865599448385e+03
1.051667122353206613e-01 9.784814636835493729e+03 4.286082469725541159e+03
1.151525497149245986e-01 8.606503294731548522e+03 3.703204660043916647e+03
1.251382427907392347e-01 7.699006416969418751e+03 3.273788816377368221e+03
1.351288343039163120e-01 6.808956412007788458e+03 2.879829675530584609e+03
1.451149978574327870e-01 5.931586434907288094e+03 2.539726460956989740e+03
1.551096551384889277e-01 5.144333693164078795e+03 2.297673743241962711e+03
1.651060891713686252e-01 4.528784443148515493e+03 2.019167876777709125e+03
1.750993520362841560e-01 4.049958621881546605e+03 1.779925992782195635e+03
1.850917299221912782e-01 3.688492820801245216e+03 1.582818026003104023e+03
1.950858372611871949e-01 3.329119081363725400e+03 1.410310860758644822e+03
2.050847103204223310e-01 2.998428685801919983e+03 1.277564708662474004e+03
2.150791300603901723e-01 2.688030750755788631e+03 1.165049111857632852e+03
2.250737298340859671e-01 2.431103575344538513e+03 1.050010446724997109e+03
2.350712478192618915e-01 2.211276946177214995e+03 9.550588141378918863e+02
2.450684092287588878e-01 2.021593327227660438e+03 8.739604951094187300e+02
2.550643278764201938e-01 1.841358144646388382e+03 7.807811086500940974e+02
2.650619011823764914e-01 1.683715997452058446e+03 7.130242866606887446e+02
2.750591448975683861e-01 1.538145484848473870e+03 6.257029743437003617e+02
2.850551117562060699e-01 1.414352254868397722e+03 5.771767708422102032e+02
2.950567117222437918e-01 1.289039883797304810e+03 5.057395592970059397e+02
