# k     Q0     Q2
# Pshot=13218.06927788434
# wnorm=5.4996019089579455
# alpha1=0.050040701932004834
# alpha2=0.050040701932004834
7.489519112849040913e-03 6.241683856266630028e+04 -1.100015010377248473e+03
1.606577831472411760e-02 7.671866931889914849e+04 1.720136831273076677e+04
2.566305929284705065e-02 6.989855186366842827e+04 2.236789356507456250e+04
3.547406197596878613e-02 5.614582806345496647e+04 1.948662201947495851e+04
4.536407469901365674e-02 4.500787023799587769e+04 1.623428385717877427e+04
5.529813676913161724e-02 3.780232603973205551e+04 1.343196308564073843e+04
6.525906970170512744e-02 3.291808653976673668e+04 1.131034631086660011e+04
7.522583763018984848e-02 2.833804969900678043e+04 9.536119411358764410e+03
8.520013409482914135e-02 2.368935921297513778e+04 8.044932215172683755e+03
9.517892595161110691e-02 1.971276831503063659e+04 6.767882643518827535e+03
1.051667122353206613e-01 1.691962936398535749e+04 5.769965442278655246e+03
1.151525497149245986e-01 1.501920409421974000e+04 4.995012272899632080e+03
1.251382427907392347e-01 1.357213704849991700e+04 4.317369311383924469e+03
1.351288343039163120e-01 1.220207819218939221e+04 3.795956360113935261e+03
1.451149978574327870e-01 1.085273272415525571e+04 3.369103942790423389e+03
1.551096551384889277e-01 9.648765122710055948e+03 2.989472993171412327e+03
1.651060891713686252e-01 8.681732025647157570e+03 2.684922982992046400e+03
1.750993520362841560e-01 7.921269277715079625e+03 2.380880155523691428e+03
1.850917299221912782e-01 7.274371246956272444e+03 2.108707825683396095e+03
1.950858372611871949e-01 6.688081234182487606e+03 1.861262586330669819e+03
2.050847103204223310e-01 6.145261333592940900e+03 1.678731438170226056e+03
2.150791300603901723e-01 5.644903116613448219e+03 1.502522591713513975e+03
2.250737298340859671e-01 5.202587182645194844e+03 1.353454208263129885e+03
2.350712478192618915e-01 4.810436906620061563e+03 1.196461905880907807e+03
2.450684092287588878e-01 4.467722985152493493e+03 1.046310288938113672e+03
2.550643278764201938e-01 4.159512446549065317e+03 9.348331363104812226e+02
2.650619011823764914e-01 3.871682982812680621e+03 8.066621074369294320e+02
2.750591448975683861e-01 3.604263710992486267e+03 7.092576694371105077e+02
2.850551117562060699e-01 3.365524042823323725e+03 6.222358080417144492e+02
2.950567117222437918e-01 3.145264733976229763e+03 5.298831256832199870e+02
