# k     P0     P2     P4
# Pshot=6175.695681542472
# wnorm=3.9256921182049807
# alpha1=0.04996079520241559
# alpha2=0.04996079520241559
7.489519112849040913e-03 1.393040906108856507e+04 -6.904624887350493736e+03 -6.291983457533377987e+03
1.606577831472411760e-02 2.250240787567798543e+04 4.256184831338707227e+03 -9.524605874708791816e+03
2.566305929284705065e-02 2.183186232143540838e+04 9.084736075246491964e+03 -5.813017930466686266e+03
3.547406197596878613e-02 1.825839465382140042e+04 9.208464752613190285e+03 -3.242779668907630366e+03
4.536407469901365674e-02 1.480801778441344140e+04 8.095655486459339045e+03 -1.473446040253820684e+03
5.529813676913161724e-02 1.258151832325492978e+04 6.904890282014885088e+03 -8.372680242888020530e+02
6.525906970170512744e-02 1.102154940450881986e+04 6.099725536031785850e+03 -4.803176623248233454e+02
7.522583763018984848e-02 9.536706887097179788e+03 5.172055257513592551e+03 -3.363400101556080131e+02
8.520013409482914135e-02 7.956096064608107554e+03 4.266186491839014707e+03 -1.156850534196711209e+02
9.517892595161110691e-02 6.586237160438308820e+03 3.449133764564469857e+03 -9.184808471366108051e+01
1.051667122353206613e-01 5.660401574327936942e+03 2.873769592716066200e+03 3.356817930704528941e+00
1.151525497149245986e-01 5.044068718623880159e+03 2.517970961098314547e+03 -2.676907139587658335e+01
1.251382427907392347e-01 4.572798145577452487e+03 2.217249479788140434e+03 8.565820069717621266e+01
1.351288343039163120e-01 4.109246810795837519e+03 1.945514904564226754e+03 7.699479543306843254e+01
1.451149978574327870e-01 3.643893556313057616e+03 1.707117765215648888e+03 6.507272868220088924e+01
1.551096551384889277e-01 3.231180252670239042e+03 1.455649911937462548e+03 6.173885631610378510e+01
1.651060891713686252e-01 2.899868511164061601e+03 1.282584204350918753e+03 8.702011920530883060e+01
1.750993520362841560e-01 2.651969808228970123e+03 1.127932887068084938e+03 7.441921239997590476e+01
1.850917299221912782e-01 2.452999714357943049e+03 9.933130247400420103e+02 8.380644206268398477e+01
1.950858372611871949e-01 2.263380581765645275e+03 8.668436669025544461e+02 6.834259747969593946e+01
2.050847103204223310e-01 2.084732591416207015e+03 7.728710255791258987e+02 7.608962949435186829e+01
2.150791300603901723e-01 1.912663377925393434e+03 6.811599097071970164e+02 6.089208278815408448e+01
2.250737298340859671e-01 1.769404313891969196e+03 6.046698467134519888e+02 7.161879968174388011e+01
2.350712478192618915e-01 1.646853875733027508e+03 5.426745448299567443e+02 5.643756584020638201e+01
2.450684092287588878e-01 1.540441713965898998e+03 4.766908285600268869e+02 7.906457590361650034e+01
2.550643278764201938e-01 1.439391735061369218e+03 4.195000875902792927e+02 6.233578690286122281e+01
2.650619011823764914e-01 1.349841028737852412e+03 3.724290892717128258e+02 6.111892198714210167e+01
2.750591448975683861e-01 1.268134870113688748e+03 3.322454807920270241e+02 6.469459586246493643e+01
2.850551117562060699e-01 1.193834774181037346e+03 2.911198795790602389e+02 5.546355572103740883e+01
2.950567117222437918e-01 1.124978419796735807e+03 2.427194129175238402e+02 5.458777555219974431e+01
