# k     P0     P2     P4
# Pshot=13218.06927788434
# wnorm=5.4996019089579455
# alpha1=0.050040701932004834
# alpha2=0.050040701932004834
7.489519112849040913e-03 6.155755000651476439e+04 2.148221390378874275e+03 -4.385119141020768438e+03
1.606577831472411760e-02 6.922599008244232391e+04 1.873169809114184318e+04 -2.065945200855027451e+03
2.566305929284705065e-02 6.104116296653878817e+04 2.214347224282417665e+04 3.029687850380118448e+02
3.547406197596878613e-02 4.851588656559828814e+04 1.907485374464131746e+04 5.558871710254179561e+02
4.536407469901365674e-02 3.887094953660783358e+04 1.534230175347035947e+04 1.204175840006369071e+03
5.529813676913161724e-02 3.273071747397798754e+04 1.267902141438508625e+04 1.016471256195149635e+03
6.525906970170512744e-02 2.862276049769905512e+04 1.073831510516914022e+04 7.722421276915440558e+02
7.522583763018984848e-02 2.469513430033517216e+04 9.107288496679218952e+03 5.789217348173903019e+02
8.520013409482914135e-02 2.063720110004182425e+04 7.630395282333272007e+03 5.596248593332128394e+02
9.517892595161110691e-02 1.716944024958537557e+04 6.358320163613127988e+03 5.529093478726780404e+02
1.051667122353206613e-01 1.475820324087703921e+04 5.403565307770802065e+03 4.946401815855877544e+02
1.151525497149245986e-01 1.316619604926945431e+04 4.632520112375728786e+03 4.893644167072646951e+02
1.251382427907392347e-01 1.196678198204443106e+04 4.013387666138728491e+03 4.103752210810062024e+02
1.351288343039163120e-01 1.079683417524612378e+04 3.513110042358151532e+03 3.818425289702994405e+02
1.451149978574327870e-01 9.615275301094865426e+03 3.093643557651001174e+03 3.718715199382264132e+02
1.551096551384889277e-01 8.548110664709320190e+03 2.751636145001842578e+03 3.210797450289188646e+02
1.651060891713686252e-01 7.699095692660172062e+03 2.456590832467456039e+03 3.082484032082011822e+02
1.750993520362841560e-01 7.054419248444034565e+03 2.167125073177629474e+03 2.885693611671810572e+02
1.850917299221912782e-01 6.519292941544073074e+03 1.887695763530502290e+03 2.983662839064070340e+02
1.950858372611871949e-01 6.024751027698722282e+03 1.658325516209398984e+03 2.739650446637186860e+02
2.050847103204223310e-01 5.550971493159365309e+03 1.485724601083928519e+03 2.605592300665032894e+02
2.150791300603901723e-01 5.113591495540182223e+03 1.328279052683165901e+03 2.352287776909712704e+02
2.250737298340859671e-01 4.727649841487528647e+03 1.187343352894172313e+03 2.242496547480938602e+02
2.350712478192618915e-01 4.393560361073207787e+03 1.042191363867127620e+03 2.082652317186029052e+02
2.450684092287588878e-01 4.104940430938854661e+03 9.069563855341067438e+02 1.881277695954105695e+02
2.550643278764201938e-01 3.842416385582885596e+03 7.927401524154455501e+02 1.918255282582981351e+02
2.650619011823764914e-01 3.599911162136415442e+03 6.794295516906554440e+02 1.717639502574703556e+02
2.750591448975683861e-01 3.369065557557571083e+03 5.879953835872713626e+02 1.637040858972813453e+02
2.850551117562060699e-01 3.165139611890183005e+03 5.009610773328430469e+02 1.637208864569762738e+02
2.950567117222437918e-01 2.976447329527035436e+03 4.220435111229858194e+02 1.455834796563149780e+02
