# k     P0     P2     P4
# Pshot=0.0
# wnorm=0.7203917185628863
# alpha1=0.050040701932004834
# alpha2=0.04996082415655046
7.489519112849040913e-03 2.369724178185052369e+04 -5.711473578709686080e+03 -1.236833420615250543e+04
1.606577831472411760e-02 3.942739268975545565e+04 8.222291973523242632e+03 -1.358606256073070290e+04
2.566305929284705065e-02 3.693987132650704734e+04 1.353139867099874573e+04 -7.908783537729377713e+03
3.547406197596878613e-02 2.953526834953471553e+04 1.338048919512393331e+04 -4.665307935709481171e+03
4.536407469901365674e-02 2.347539385322545786e+04 1.143710174755199478e+04 -1.492842072022477396e+03
5.529813676913161724e-02 1.951356966041767373e+04 9.593496860209257648e+03 -8.905634863387324458e+02
6.525906970170512744e-02 1.703273889821538614e+04 8.519132334049678320e+03 -5.502993198237085153e+02
7.522583763018984848e-02 1.461403941853336255e+04 7.300677540446624334e+03 -3.336817842461032342e+02
8.520013409482914135e-02 1.193654730566523904e+04 6.044769761189814744e+03 5.341491136539168139e+01
9.517892595161110691e-02 9.615932209325686927e+03 4.897703442627978802e+03 3.300942101149622943e+01
1.051667122353206613e-01 8.116309697708104068e+03 4.171262347818474154e+03 1.550071645745440492e+02
1.151525497149245986e-01 7.141564429580505021e+03 3.662347162877624214e+03 5.515762117449642687e+01
1.251382427907392347e-01 6.428260422162760733e+03 3.176864987016645500e+03 1.308471696369645088e+02
1.351288343039163120e-01 5.700248122996345955e+03 2.771770722528589886e+03 1.458795865526930982e+02
1.451149978574327870e-01 4.960545147588753025e+03 2.427603218296305840e+03 1.513663775919247598e+02
1.551096551384889277e-01 4.283524006748107240e+03 2.152024216039940256e+03 1.966268617227334801e+02
1.651060891713686252e-01 3.773684412203244847e+03 1.887750077363182072e+03 1.774140292096151938e+02
1.750993520362841560e-01 3.386427860996392155e+03 1.658826902212868390e+03 1.634837722685876713e+02
1.850917299221912782e-01 3.092092217330303811e+03 1.491001508677338961e+03 1.239522983897841044e+02
1.950858372611871949e-01 2.807932019791599942e+03 1.302967653930311599e+03 1.449133292182524144e+02
2.050847103204223310e-01 2.530408568059359823e+03 1.170050294356424729e+03 1.451444593131648730e+02
2.150791300603901723e-01 2.263580326551299095e+03 1.061126060511224523e+03 1.402961193176526820e+02
2.250737298340859671e-01 2.044169229081826870e+03 9.673358656567786511e+02 1.116106844420946373e+02
2.350712478192618915e-01 1.867065269697103759e+03 8.605291912002776371e+02 1.276149909657783184e+02
2.450684092287588878e-01 1.710788488798198387e+03 7.770120960736564939e+02 1.308803386982794450e+02
2.550643278764201938e-01 1.565147732053722166e+03 6.905260314816678147e+02 1.218443541773756209e+02
2.650619011823764914e-01 1.434910096497275163e+03 6.220147523869571842e+02 1.228628712695360008e+02
2.750591448975683861e-01 1.313775024574406643e+03 5.609261506851692047e+02 8.744871193901785489e+01
2.850551117562060699e-01 1.209862859770102887e+03 5.112234877457401581e+02 8.903693218023462919e+01
2.950567117222437918e-01 1.113270204846312708e+03 4.394241973774783219e+02 8.952573859136278145e+01
