# k     Q0     Q2
# Pshot=0.0
# wnorm=1.1601760001561865
# alpha1=0.05011970100917508
# alpha2=0.05002933020398284
7.489519112849040913e-03 2.639719860243410221e+04 -8.696654725740658250e+03
1.606577831472411760e-02 4.248866735119736404e+04 3.789278237684573469e+03
2.566305929284705065e-02 4.099463081681106996e+04 9.154922503559846518e+03
3.547406197596878613e-02 3.424853992265268607e+04 1.120720242422209776e+04
4.536407469901365674e-02 2.747536977079034477e+04 1.003613373601596322e+04
5.529813676913161724e-02 2.294744157746811834e+04 8.800392284412948356e+03
6.525906970170512744e-02 2.001748817006331592e+04 7.894463613362877368e+03
7.522583763018984848e-02 1.719688919514910958e+04 7.098586230239795441e+03
8.520013409482914135e-02 1.401858383577097629e+04 5.680506334310755847e+03
9.517892595161110691e-02 1.141544825398512512e+04 4.692885296211336936e+03
1.051667122353206613e-01 9.670833772125048199e+03 4.089270890695307571e+03
1.151525497149245986e-01 8.443165334909344892e+03 3.549599801889565242e+03
1.251382427907392347e-01 7.582253698601954966e+03 3.197702976226419651e+03
1.351288343039163120e-01 6.708673899091352723e+03 2.769322015755033590e+03
1.451149978574327870e-01 5.840648871467931713e+03 2.470189424705829879e+03
1.551096551384889277e-01 5.081807638446103738e+03 2.190824674342075014e+03
1.651060891713686252e-01 4.474674286407695945e+03 1.944765653241797963e+03
1.750993520362841560e-01 4.008387554356847886e+03 1.738322675791059510e+03
1.850917299221912782e-01 3.633100182789090923e+03 1.527543283991573162e+03
1.950858372611871949e-01 3.280258575849574299e+03 1.379350214055145670e+03
2.050847103204223310e-01 2.954991469150551438e+03 1.235225842929889268e+03
2.150791300603901723e-01 2.657204975108322287e+03 1.120912353931602865e+03
2.250737298340859671e-01 2.407891975401418222e+03 1.036073447193278980e+03
2.350712478192618915e-01 2.183069904300880353e+03 9.332634324910594614e+02
2.450684092287588878e-01 1.994133432376363317e+03 8.327290514886319670e+02
2.550643278764201938e-01 1.829260271075665514e+03 7.615877433068980054e+02
2.650619011823764914e-01 1.664645291006120942e+03 6.755072005375113804e+02
2.750591448975683861e-01 1.515309850906533256e+03 6.070430422186035457e+02
2.850551117562060699e-01 1.389728867521855136e+03 5.523310008987544961e+02
2.950567117222437918e-01 1.279826425946634572e+03 4.987542466144051332e+02
