# k     Q0     Q2
# Pshot=6037.626453873882
# wnorm=3.9507772289325196
# alpha1=0.05002906199513597
# alpha2=0.05002906199513597
7.489519112849040913e-03 1.408440208984718447e+04 -8.032965340110377838e+03
1.606577831472411760e-02 2.286704202445144620e+04 7.167873258124312770e+02
2.566305929284705065e-02 2.358320341045659370e+04 5.196666200225047760e+03
3.547406197596878613e-02 2.060034493565392040e+04 6.462278386318644152e+03
4.536407469901365674e-02 1.720583998006402908e+04 6.077615646674788877e+03
5.529813676913161724e-02 1.475652368933247999e+04 5.560221687415425549e+03
6.525906970170512744e-02 1.302264144331447824e+04 5.161035307633808770e+03
7.522583763018984848e-02 1.133071644804108109e+04 4.629773077663044205e+03
8.520013409482914135e-02 9.442503491647630653e+03 3.668827332010009741e+03
9.517892595161110691e-02 7.896745797177468376e+03 3.010107904654677441e+03
1.051667122353206613e-01 6.762483235952762698e+03 2.580436433317686351e+03
1.151525497149245986e-01 6.005055194091556586e+03 2.313382867195399740e+03
1.251382427907392347e-01 5.426924201666392037e+03 2.071658731771261955e+03
1.351288343039163120e-01 4.871699965923479795e+03 1.837938704904564020e+03
1.451149978574327870e-01 4.309991169836202062e+03 1.619638496068513632e+03
1.551096551384889277e-01 3.808037156151865020e+03 1.399005495904584677e+03
1.651060891713686252e-01 3.417799034012453376e+03 1.229570870830508284e+03
1.750993520362841560e-01 3.104098007856231106e+03 1.091321587261500554e+03
1.850917299221912782e-01 2.851799037294558275e+03 9.814869488098887587e+02
1.950858372611871949e-01 2.618071136004544314e+03 8.669528361138671926e+02
2.050847103204223310e-01 2.399463804775377412e+03 7.885550909308045675e+02
2.150791300603901723e-01 2.197849472282649913e+03 6.927088135672240696e+02
2.250737298340859671e-01 2.021062735920210116e+03 6.205084474873351610e+02
2.350712478192618915e-01 1.873687103022051588e+03 5.550433081309984118e+02
2.450684092287588878e-01 1.736419080598807795e+03 4.902608968460579604e+02
2.550643278764201938e-01 1.614065830198229150e+03 4.437272612304564632e+02
2.650619011823764914e-01 1.501693541383095635e+03 3.995131228981228446e+02
2.750591448975683861e-01 1.400489735932314488e+03 3.451060951632229035e+02
2.850551117562060699e-01 1.308944942793032851e+03 3.063820694835196150e+02
2.950567117222437918e-01 1.222937957161019085e+03 2.579903144102715373e+02
