# k     P0     P2     P4
# Pshot=0.0
# wnorm=1.1601760001561865
# alpha1=0.05011970100917508
# alpha2=0.05002933020398284
7.489519112849040913e-03 2.725060139249700296e+04 -2.133506975157133638e+03 -8.860249463287760591e+03
1.606577831472411760e-02 3.827824461528759275e+04 1.052605683977445187e+04 -9.094651112821324205e+03
2.566305929284705065e-02 3.562252771621071588e+04 1.343025775150083609e+04 -5.771702584720371306e+03
3.547406197596878613e-02 2.896621903216197825e+04 1.320580222622682413e+04 -2.698109732706329396e+03
4.536407469901365674e-02 2.298626221262856052e+04 1.122276889540447883e+04 -1.601957465174499930e+03
5.529813676913161724e-02 1.919972958463594114e+04 9.369279982080401169e+03 -7.679983918510421290e+02
6.525906970170512744e-02 1.672603599735540774e+04 8.228630431769704956e+03 -4.511252048492269182e+02
7.522583763018984848e-02 1.431158167777539347e+04 7.213268793434267536e+03 -1.548214603125444171e+02
8.520013409482914135e-02 1.172682137838742347e+04 5.729406143458867518e+03 -6.601474234996084078e+01
9.517892595161110691e-02 9.537166410464984438e+03 4.695704608800333517e+03 -3.806071995134164609e+00
1.051667122353206613e-01 8.057151275071182681e+03 4.034206242634699265e+03 7.433727488182545073e+01
1.151525497149245986e-01 7.059741250388623484e+03 3.458560211301872187e+03 1.229034472933890925e+02
1.251382427907392347e-01 6.351710204477063598e+03 3.076358735312242061e+03 1.638147252341442766e+02
1.351288343039163120e-01 5.640760116951645614e+03 2.669784455349270502e+03 1.343757065477780372e+02
1.451149978574327870e-01 4.902277483938189107e+03 2.345928468824338779e+03 1.677522904400127004e+02
1.551096551384889277e-01 4.256156647281894948e+03 2.064127477910525613e+03 1.710412151825875355e+02
1.651060891713686252e-01 3.742450201371171715e+03 1.830560212591305799e+03 1.541773448781643481e+02
1.750993520362841560e-01 3.359870032743392130e+03 1.621293804033655533e+03 1.579889768724955559e+02
1.850917299221912782e-01 3.059914063297536813e+03 1.432965298728870948e+03 1.276802801046471103e+02
1.950858372611871949e-01 2.771630845407546531e+03 1.271569326105051232e+03 1.455041987326275148e+02
2.050847103204223310e-01 2.498244320823983799e+03 1.141867870816416826e+03 1.260332623531836731e+02
2.150791300603901723e-01 2.246072851558540606e+03 1.027830308874456023e+03 1.256607608271490903e+02
2.250737298340859671e-01 2.030348893342883457e+03 9.438577051463342968e+02 1.244912517633754589e+02
2.350712478192618915e-01 1.845761897734941613e+03 8.432700164148386648e+02 1.214911117029010370e+02
2.450684092287588878e-01 1.692030808284237537e+03 7.552565602303155856e+02 1.045878631987285416e+02
2.550643278764201938e-01 1.553642620143618842e+03 6.890441273301145202e+02 9.793388156865646010e+01
2.650619011823764914e-01 1.424067838409672049e+03 6.014436314911182535e+02 9.998581821263086056e+01
2.750591448975683861e-01 1.302890921121921338e+03 5.310473244615244539e+02 1.025942189720566233e+02
2.850551117562060699e-01 1.194414188885007889e+03 4.882866965921206202e+02 8.645981081395500212e+01
2.950567117222437918e-01 1.104621645319385152e+03 4.380119515681249709e+02 8.200209831247875059e+01
