# k     P0     P2     P4
# Pshot=12872.576608644677
# wnorm=2.565404029562676
# alpha1=0.05011970100917509
# alpha2=0.05011970100917509
7.489519112849040913e-03 5.524907450930831692e+04 -1.233766061937460336e+03 -9.269367406459929043e+03
1.606577831472411760e-02 6.590245169916120358e+04 1.673611960770975202e+04 -5.332742928253349419e+03
2.566305929284705065e-02 5.877302172293912736e+04 1.962454526800117674e+04 -1.603463162115513114e+03
3.547406197596878613e-02 4.732402248908866750e+04 1.739771496240294073e+04 -3.468096554381457395e+02
4.536407469901365674e-02 3.800204591281191824e+04 1.463663830822215823e+04 -3.815200322953279510e+01
5.529813676913161724e-02 3.206861330554788583e+04 1.195063957105908048e+04 4.294858884659203113e+02
6.525906970170512744e-02 2.805102003065827012e+04 1.036934086234345887e+04 4.867897801728480545e+02
7.522583763018984848e-02 2.416979191118084782e+04 8.785853247453003860e+03 4.511713129487065430e+02
8.520013409482914135e-02 2.023891365024630068e+04 7.250020774534496923e+03 3.318537202509431836e+02
9.517892595161110691e-02 1.686655005107049146e+04 6.129340128880838165e+03 3.550941529605427718e+02
1.051667122353206613e-01 1.447924796207646614e+04 5.165730117848353075e+03 3.565618408376453772e+02
1.151525497149245986e-01 1.291171019018145671e+04 4.386612320683553662e+03 3.664910741765443731e+02
1.251382427907392347e-01 1.171481784639341458e+04 3.847098030135265617e+03 3.511552278871442923e+02
1.351288343039163120e-01 1.056351293107382298e+04 3.342783313404987894e+03 3.328614926807858865e+02
1.451149978574327870e-01 9.392039862059695224e+03 2.964432308536171149e+03 2.952389550233263549e+02
1.551096551384889277e-01 8.347235636847875867e+03 2.626370750720122487e+03 3.040935040513147669e+02
1.651060891713686252e-01 7.509498341710293062e+03 2.327511474565073513e+03 2.627766794975991616e+02
1.750993520362841560e-01 6.861367318525551127e+03 2.079107557683369123e+03 2.873364385752027488e+02
1.850917299221912782e-01 6.339907562545041401e+03 1.801616996426529340e+03 2.599445799524715994e+02
1.950858372611871949e-01 5.853105727910828136e+03 1.590880975023600286e+03 2.489944258406059703e+02
2.050847103204223310e-01 5.382523465253801078e+03 1.411471184449191014e+03 2.156974220631246340e+02
2.150791300603901723e-01 4.952998886289830807e+03 1.273857707129146775e+03 2.072006317531674711e+02
2.250737298340859671e-01 4.578367424480233240e+03 1.117420356402236848e+03 1.982124751317342941e+02
2.350712478192618915e-01 4.245009539425425828e+03 1.005368217624062368e+03 1.985785227654529308e+02
2.450684092287588878e-01 3.967698835711472384e+03 8.744369749544420074e+02 1.836592601530657021e+02
2.550643278764201938e-01 3.706742363767556526e+03 7.516104790845415664e+02 1.727647971509624369e+02
2.650619011823764914e-01 3.458838498836965300e+03 6.408026191571989330e+02 1.788212772000147766e+02
2.750591448975683861e-01 3.234610896746215531e+03 5.572777387313227564e+02 1.781300555898356208e+02
2.850551117562060699e-01 3.037889417908885207e+03 4.738514481728400938e+02 1.507356791805451337e+02
2.950567117222437918e-01 2.851376169750968074e+03 3.988632748798523266e+02 1.448459560021460106e+02
