1	0.71884	0	0	0	0	0	0
1.08592208852364	0.718682564267242	3.43382792656841E-5	2.27217946817164E-5	3.95823586395352E-6	7.61053181766715E-6	6.67605077588185E-7	4.21064106978574E-6
1.17922678234355	0.718511601327517	7.16269752021837E-5	4.73958934174912E-5	8.2565716202071E-6	1.58749764238839E-5	1.39257217775174E-6	8.78306921431089E-6
1.28054841032552	0.718325948894951	1.12119593771871E-4	7.41900422490823E-5	1.29242293618138E-5	2.48495193711547E-5	2.17982996527227E-6	1.37483699346379E-5
1.39057580419632	0.718124344817639	1.56091422698856E-4	1.03286400308497E-4	1.7992942005093E-5	3.45951737920002E-5	3.03473058610306E-6	1.91402996630034E-5
1.51005698154331	0.71790541849695	2.03841403003452E-4	1.34882778220808E-4	2.34971690248088E-5	4.51781951947143E-5	3.9630860537558E-6	2.49955152548027E-5
1.63980423118721	0.717667681569554	2.55694161342782E-4	1.69193982913128E-4	2.94743307257669E-5	5.66705318992401E-5	4.9712077620816E-6	3.13538231990057E-5
1.78069963550072	0.717409517788838	3.12002216974339E-4	2.06453277972373E-4	3.59650626435149E-5	6.91503141754356E-5	6.06594939307277E-6	3.8258450241251E-5
1.93370106721623	0.717129172036901	3.73148378346465E-4	2.46913969480028E-4	4.30134918036828E-5	8.27023854091221E-5	7.25475351139248E-6	4.57563372594428E-5
2.09984870149184	0.716824738392449	4.39548345608887E-4	2.90851128105131E-4	5.06675367181033E-5	9.74188789070281E-5	8.54570216240373E-6	5.3898458389752E-5
2.28027208750768	0.716494147173448	5.11653536736398E-4	3.38563459163097E-4	5.89792331572245E-5	1.13399844262019E-4	9.94757181768664E-6	6.27401675725898E-5
2.4761978276685	0.716135150866464	5.89954156478981E-4	3.90375333353895E-4	6.80050879135695E-5	1.30753927536934E-4	1.14698930415894E-5	7.23415748745357E-5
2.68895791661948	0.715745308847011	6.74982529002542E-4	4.46638991985491E-4	7.78064629612908E-5	1.49599109891244E-4	1.31230152844537E-5	8.27679551446309E-5
2.91999879676761	0.715321970787052	7.67316716877094E-4	5.07736941674695E-4	8.84499926235158E-5	1.70063509672044E-4	1.49181772430098E-5	9.40901917832745E-5
3.1708911918724	0.714862258636831	8.67584451015961E-4	5.74084554805707E-4	1.00008036583582E-4	1.92286253422394E-4	1.68675832662833E-5	1.06385258640669E-4
3.4433407855593	0.714363047058542	9.76467398283574E-4	6.46132893425495E-4	1.12559171819946E-4	2.16418421728499E-4	1.89844863264569E-5	1.19736743320989E-4
3.73919981735319	0.713820942178832	0.00109470579578503	7.24371775774153E-4	1.26188726809161E-4	2.4262407633607E-4	2.12832781187628E-5	1.34235415449933E-4
4.06047967506739	0.713232258515659	0.0012231034833435	8.09333106297963E-4	1.40989361628697E-4	2.71081375518651E-4	2.37795869029446E-5	1.49979843769016E-4
4.40936456915698	0.712592993922665	0.0013625333683786	9.01594491784127E-4	1.57061697903403E-4	3.01983785280742E-4	2.64903837514632E-5	1.67077066251885E-4
4.78822638200109	0.711898802380723	0.00151394336033852	0.00100178316820135	1.74515002878286E-4	3.35541394630006E-4	2.94340979267699E-5	1.85643317798435E-4
5.19964079306662	0.711144964451661	0.00167836281503099	0.00111058026494275	1.93467932268251E-4	3.71982343860418E-4	3.26307421720355E-5	2.05804820453921E-4
5.64640478957963	0.710326355193326	0.00185690953266455	0.00122872543546149	2.14049336935043E-4	4.11554375556492E-4	3.61020487671214E-5	2.2769864152534E-4
6.1315556817502	0.70943740931783	0.00205079735717624	0.00135702188578018	2.36399138875556E-4	4.54526518863016E-4	3.9871617274763E-5	2.51473625428979E-4
6.65839175182518	0.708472083356127	0.00226134442850927	0.00149634183506042	2.60669282476888E-4	5.01190918470774E-4	4.39650749814142E-5	2.77291405604235E-4
7.23049467735059	0.707423814571688	0.00248998214394377	0.00164763244535582	2.87024767505214E-4	5.51864820752532E-4	4.8410251123504E-5	3.05327503373193E-4
7.85175388108762	0.706285476343957	0.00273826488940367	0.00181192226086183	3.15644770851228E-4	6.06892730551981E-4	5.32373660835776E-5	3.35772521216512E-4
8.52639297312428	0.705049329718252	0.00300788060689788	0.00199032820043927	3.46723864658286E-4	6.6664875328849E-4	5.84792368425644E-5	3.68833438578069E-4
9.25899846494842	0.703706970792745	0.00330066226993799	0.00218406315095023	3.80473339114667E-4	7.31539138300386E-4	6.41715000849344E-5	4.04735019007839E-4
10.054550950694	0.702249273584811	0.00361860034494793	0.00239444421302911	4.17122638902917E-4	8.02005040717607E-4	7.03528544735152E-5	4.43721338209434E-4
10.918458967545	0.700666327988335	0.0039638563233839	0.00262290165534764	4.56920923071902E-4	8.78525520640219E-4	7.70653237410676E-5	4.86057443380679E-4
11.8565957654961	0.698947372400191	0.00433877741656238	0.00287098863824894	5.00138758936343E-4	9.61620800012614E-4	8.43545423872389E-5	5.32031155128195E-4
12.8753392364481	0.697080720557835	0.00474591251309831	0.00314039177285665	5.47069961519729E-4	0.00105185579933514	9.22700659231947E-5	5.8195502420624E-4
13.9816152740941	0.695053682090636	0.00518802950743988	0.00343294258744467	5.98033591046006E-4	0.00114984397825739	1.00865707773118E-4	6.36168456382652E-4
15.1829448593783	0.692852476244818	0.00566813411730708	0.00375062997902138	6.53376122059925E-4	0.00125625150616326	1.10199905122988E-4	6.95040019877696E-4
16.4874951916354	0.690462138195457	0.00618949031796389	0.00409561373478	7.13473798922745E-4	0.00137180179110144	1.2033611620385E-4	7.58969951062887E-4
17.9041352130242	0.687866417308618	0.00675564253224589	0.00447023921534012	7.78735193697038E-4	0.00149728039785102	1.31343251710497E-4	8.28392875454682E-4
19.4424959037369	0.685047666661957	0.00737043972720129	0.00487705329960415	8.49603983810303E-4	0.00163354038855756	1.43296143288537E-4	9.03780762501639E-4
21.1130357578983	0.681986723072707	0.00803806158116572	0.00531882169962897	9.26561968381244E-4	0.00178150812224781	1.56276052274859E-4	9.85646134253055E-4
22.9271118852913	0.678662776817416	0.00876304689916681	0.00579854776322767	0.00101013234371509	0.00194218955265084	1.70371222150133E-4	0.00107454554972312
24.8970572222907	0.675053230157729	0.00955032446983952	0.00631949289213	0.00110088326023632	0.00211667706714106	1.85677478459186E-4	0.0011710833886389
27.0362643769225	0.67113354371042	0.0104052465736323	0.00688519871451383	0.0011994316850405	0.00230615691329758	2.02298880277791E-4	0.00127591596029588
29.359276678065	0.666877069617199	0.0113336253701079	0.00749951116264687	0.00130644759632456	0.00251191726356901	2.20348427654841E-4	0.00138975596545493
31.8818870477878	0.662254870380142	0.0123417724117178	0.00816660661932956	0.00142265853821141	0.00273535697287112	2.39948829839433E-4	0.0015133773416148
34.6212453690086	0.657235522131065	0.0134365415526817	0.00889102031089507	0.00154885456693448	0.00297799508865558	2.6123333951563E-4	0.00164762052460048
37.5959750784032	0.6517849009974	0.0146253755446885	0.009677677139795	0.00168589362200883	0.00324148117810368	2.84346658716406E-4	0.00179339816223836
40.8262997772224	0.645865951112178	0.0159163566361964	0.0105319251663854	0.00183470735890446	0.00352760654265409	3.09445922575627E-4	0.00195170131896213
44.3341807207736	0.639438432690953	0.0173182615193312	0.0114595719675377	0.00199630748287518	0.00383831639610626	3.36701767606038E-4	0.00212360621353148
48.143466121287	0.632458648462951	0.0188406209979364	0.0124669241192572	0.00217179262700315	0.00417572308909191	3.66299491765939E-4	0.00231028153566968
52.2800532791952	0.624879146596634	0.0204937847824272	0.0135608300717312	0.00236235582121946	0.00454212046982075	3.98440314201205E-4	0.00251299639136181
56.7720646450709	0.618875978671078	0.0214437699918359	0.0135478891874005	0.00251700195084552	0.00466869061629327	0.00103577774196536	0.00280010660301814
61.6500390091746	0.612481182380826	0.0226389703983686	0.0147477992042597	0.00309857838400303	0.00540644662229497	4.95604630447828E-7	0.00510179762916395
66.9471391184068	0.605732845620642	0.0226274103423335	0.0149861768521877	0.0036083823180332	0.00508478729195393	0.00130325351399902	0.00304931667311712
72.6993771321431	0.598156219236367	0.0236323869024407	0.0152651525343702	0.00404076027682662	0.00611157107782457	8.26766076352141E-4	0.00325109031767703
78.9458594497047	0.590424724638506	0.0243263612081822	0.0167621924171271	0.00449367987732863	0.00542635452014719	9.080611012598E-4	0.00375679506912533
85.7290525739171	0.58180985905849	0.0246162321453687	0.018358795047364	0.004364256302295	0.00612822166154146	0.00155161309715297	0.00336691872069918
93.0950718182212	0.572774828956067	0.0244064769695867	0.0191873776245549	0.00463863768597117	0.00657648985992342	0.00212067717303427	0.0032812545000338
101.093994820101	0.563178416791275	0.0241611788575157	0.0205575151096828	0.00496546724364476	0.00709768524517524	0.0014357802990364	0.00413733420959126
109.780201992242	0.552715061495908	0.0234168422033289	0.0213717559431782	0.00496167600736804	0.00593876259496987	0.001721669696501	0.00437565809210906
119.212746225963	0.54132275110096	0.0226424274724699	0.0224116619793163	0.00532329314540103	0.00667248907340775	0.00187247128089575	0.00407371550001587
129.455754360337	0.529132427728083	0.0213432018793742	0.0231949757475927	0.00530336945182197	0.00731878257965918	0.00203633704012303	0.00414171390015773
140.57886314638	0.516022761725673	0.0194674911869005	0.0238372013896562	0.00593064832979871	0.00782683832886318	0.00207013755884323	0.00381192901631068
152.657692670196	0.501863112989137	0.0172571144693663	0.0248294027585954	0.00627489913173408	0.00862202994597295	0.00222488148657755	0.00398977188937725
165.77436045362	0.486627118875861	0.0145070290472039	0.0254704127489724	0.00629490698200851	0.00870012676854415	0.00197242842216832	0.00417950733210983
180.018039727466	0.470093680978144	0.0110357048667983	0.0258043548913905	0.0062414441814585	0.00908996023875748	0.00213894910090744	0.00461284325851196
195.485565672782	0.45231357749593	0.00700088901660103	0.026251152692254	0.00620311102399953	0.00954868152322836	0.00239425552912432	0.00490444971180978
212.282093751612	0.433305784380853	0.00234754040175912	0.0268791352348512	0.00632430520177334	0.00987538550088703	0.00240510175731326	0.00477988815829436
230.521814602922	0.412828874246849	-0.00295840289641048	0.0270889064979095	0.00594651501947639	0.00948989119774488	0.0022459049065034	0.00500884923266353
250.328730363865	0.39091634669849	-0.00908619632195823	0.0269014412374892	0.0054652760336778	0.00927253999167113	0.00206550496452001	0.0053714751537563
271.8374976942	0.36739117026996	-0.0157934495122748	0.0259758749420447	0.00514735600389959	0.0091356472968239	0.00213596920941939	0.00548987530025137
295.194343235126	0.34222477554988	-0.0226846446231675	0.0247662428047438	0.00488328261218254	0.00939537484698162	0.00188960705767588	0.00518291997062188
320.558057726253	0.315589952414686	-0.0299447702604204	0.0232669376013663	0.00415615282086793	0.00944617884642478	0.00127096919029595	0.00475049355774297
348.101075539174	0.28772325396318	-0.0379984732642831	0.0218602779615102	0.00281822820222339	0.00933991568023956	8.68845038761595E-4	0.00446385913992554
378.010646966826	0.259039103421505	-0.0467095810174852	0.0207173617877837	0.00142556072202348	0.00893840063579287	8.74754904533485E-4	0.00420016082005395
410.490111238389	0.229790532545939	-0.0553581939945122	0.0193799675849125	4.32068078333059E-4	0.00802718907917666	6.58380622324199E-4	0.00393301896103867
445.760278914293	0.200281426089955	-0.0631611166760789	0.0177080700589735	-1.13819320458107E-4	0.00700439363227921	1.08195234442533E-4	0.00388459931619074
484.06093305949	0.170815605303613	-0.0689380876007816	0.0155097559005996	-2.35130653046439E-4	0.00597140028659576	-6.08995649175565E-4	0.00358154018727235
525.652459400663	0.141691859389175	-0.0714048433332361	0.0127779737830116	3.58385235977984E-5	0.00509867062643282	-0.00129216309915005	0.00326660807364288
570.817616549957	0.113433283437442	-0.0697124557200315	0.00999330460589887	3.5335181720398E-4	0.00452932455615871	-0.00196276666972971	0.00278661476849904
619.863458330016	0.0869955271935473	-0.0640621881847967	0.00826498726374252	2.90555387730844E-4	0.00431438572471159	-0.00224594332126998	0.00225811634480951
673.123421269219	0.0636336282781531	-0.0558622769754992	0.00815279945017774	-6.7132123169543E-4	0.0037955405079563	-0.00232597110787084	0.00159753760388645
730.959591458849	0.0443845551380065	-0.0469004399265732	0.00905855155910368	-0.00221518949362573	0.00267238915591711	-0.00188136133203625	0.00124189603436108
793.765166183381	0.0296223222892679	-0.0378374219931169	0.00995572425959406	-0.00292472828679235	0.00165412795570568	-8.59150368599326E-4	0.00126845863360197
861.967127059172	0.0189229807530181	-0.0281718376538629	0.01020718731046	-0.0020942192500188	0.001357433485029	-2.83939329132499E-4	9.86752641727019E-4
936.029142854819	0.0113529952424419	-0.0187880968746631	0.00879105071967243	-0.00155649374061346	7.26733130487532E-4	-6.38141361207603E-4	4.12218190907779E-4
1016.4547217279	0.00615658121833336	-0.0109500315447868	0.0061838618520758	-0.00141270250060804	3.10398194516998E-4	-6.04925391888209E-4	4.21271358360479E-4
1103.79063430848	0.00288338347878159	-0.00541735939601659	0.00355935690894291	-0.00114151421230505	2.15574657185534E-4	-3.22274819881822E-4	3.47174904730508E-4
1198.6306309011	0.00109647148467373	-0.00215037415195038	0.00158526066184933	-6.45815355240384E-4	1.43148869744736E-4	-1.22842981405907E-4	1.96067100979812E-4
1301.61947807653	2.77815617234535E-4	-5.61048486698726E-4	4.4933401635259E-4	-2.24991941178512E-4	8.84663490821696E-5	-7.89165783011379E-5	1.07735485884179E-4
1413.45734209592	2.45994749065097E-5	-5.24280388332634E-5	4.97431527193735E-5	-3.80215828116482E-5	3.10814531161008E-5	-3.11352944857159E-5	3.1329465817073E-5
1534.90454896787	1.21328231267903E-7	-3.00203674285433E-7	3.96524901206281E-7	-4.6312152639219E-7	5.10322919971686E-7	-5.41145553090196E-7	5.56701413045382E-7
1666.78675349963	0	0	0	0	0	0	0
1810.00055248386	0	0	0	0	0	0	0
1965.51958018221	0	0	0	0	0	0	0
2134.40112754558	0	0	0	0	0	0	0
2317.79333017151	0	0	0	0	0	0	0
2516.94297386601	0	0	0	0	0	0	0
2733.20397087549	0	0	0	0	0	0	0
2968.04656441422	0	0	0	0	0	0	0
3223.06732406411	0	0	0	0	0	0	0
3500	0	0	0	0	0	0	0
