1	0.87005	0	0	0	0	0	0
1.08592208852364	0.869904434397589	-7.54367895036228E-5	3.59112585989383E-5	-1.14800184235167E-5	9.3762143217478E-6	-6.08774529581443E-6	4.04805795957824E-6
1.17922678234355	0.869746361494601	-1.57355265512915E-4	7.490808753821E-5	-2.39464240062719E-5	1.95580525604654E-5	-1.26985623818452E-5	8.44393351350819E-6
1.28054841032552	0.869574706637649	-2.463123480696E-4	1.17255605465743E-4	-3.74839691930802E-5	3.06147356056636E-5	-1.98773946787555E-5	1.32175118759218E-5
1.39057580419632	0.869388302836883	-3.42912808948525E-4	1.63241710577402E-4	-5.21846885358223E-5	4.26214319502491E-5	-2.76730472397773E-5	1.84012460609653E-5
1.51005698154331	0.869185882832247	-4.47813383178513E-4	2.13179037883323E-4	-6.81485243872926E-5	5.56597687210305E-5	-3.61385185502468E-5	2.40303775135391E-5
1.63980423118721	0.868966070478053	-5.61727233833672E-4	2.67407084646657E-4	-8.54840063559698E-5	6.98183866180321E-5	-4.53313608360488E-5	3.01431756970922E-5
1.78069963550072	0.868727371387303	-6.85428800448891E-4	3.26294518444454E-4	-1.0430898914096E-4	8.51935425353523E-5	-5.53140713305154E-5	3.67811982672996E-5
1.93370106721623	0.868468162772147	-8.19759064021337E-4	3.90241683541955E-4	-1.24751453763258E-4	1.01889763960465E-4	-6.61545171597934E-5	4.39895736004064E-5
2.09984870149184	0.868186682411415	-9.65631264391859E-4	4.596833226198E-4	-1.46950377640474E-4	1.20020559600877E-4	-7.79263967352503E-5	5.1817307596996E-5
2.28027208750768	0.867881016670209	-0.00112403710887575	5.35091532357719E-4	-1.71056679420198E-4	1.39709191069308E-4	-9.07097407896793E-5	6.03176168469801E-5
2.4761978276685	0.867549087490129	-0.00129605351435206	6.16978972968148E-4	-1.97234244995417E-4	1.6108951087368E-4	-1.04591456463581E-4	6.95482904208196E-5
2.68895791661948	0.867188638261654	-0.00148284992864722	7.05902353499681E-4	-2.25661041677324E-4	1.84306872408946E-4	-1.19665918140476E-4	7.95720827466035E-5
2.91999879676761	0.866797218482663	-0.00168569628098734	8.02466216605066E-4	-2.56530328100177E-4	2.09519118137331E-4	-1.36035609048019E-4	9.04571402439459E-5
3.1708911918724	0.866372167098771	-0.00190597161556993	9.07327048504376E-4	-2.90051968083715E-4	2.36897652675069E-4	-1.53811817986825E-4	1.0227746461516E-4
3.4433407855593	0.865910594412244	-0.0021451734669501	0.0010211977420848	-3.26453857385378E-4	2.66628608081007E-4	-1.73115395923686E-4	1.15113415943375E-4
3.73919981735319	0.865409362436487	-0.00240492804097958	0.00114485244347929	-3.65983473042045E-4	2.98914109269227E-4	-1.9407757759286E-4	1.29052259017899E-4
4.06047967506739	0.864865063562537	-0.00268700127051323	0.00127913181507337	-4.0890955583447E-4	3.3397364814857E-4	-2.16840873691062E-4	1.44188756600989E-4
4.40936456915698	0.864273997392556	-0.00299331082104503	0.00142494875072044	-4.55523937312559E-4	3.72045575831103E-4	-2.41560039731704E-4	1.60625813669351E-4
4.78822638200109	0.863632145582795	-0.00332593912789326	0.00158329458202044	-5.06143523802483E-4	4.1338872305424E-4	-2.6840312814512E-4	1.7847517701021E-4
5.19964079306662	0.862935144525017	-0.00368714755356797	0.00175524581785474	-5.61112450883824E-4	4.58284159832929E-4	-2.97552630777442E-4	1.97858194928132E-4
5.64640478957963	0.862178255680651	-0.00407939176156898	0.00194197146299614	-6.20804422983899E-4	5.07037106304825E-4	-3.29206719555358E-4	2.18906642227453E-4
6.1315556817502	0.861356333365997	-0.00450533841113275	0.00214474096554902	-6.85625253994906E-4	5.59979007759266E-4	-3.63580593751385E-4	2.41763616078911E-4
6.65839175182518	0.860463789769464	-0.00496788328642668	0.00236493284725014	-7.56015626186217E-4	6.17469787957087E-4	-4.00907943008984E-4	2.66584508861017E-4
7.23049467735059	0.859494556963018	-0.00547017098344178	0.00260404407530297	-8.32454086168162E-4	6.79900296060358E-4	-4.41442536073848E-4	2.93538064589983E-4
7.85175388108762	0.858442045649577	-0.00601561628842414	0.00286370023945956	-9.15460298275287E-4	7.47694963807454E-4	-4.854599460323E-4	3.22807526120321E-4
8.52639297312428	0.85729910036589	-0.006607927393186	0.00314566660353851	-0.00100559857748709	8.21314690998146E-4	-5.33259423785784E-4	3.54591880915307E-4
9.25899846494842	0.856057950836361	-0.00725113110512474	0.00345186010651255	-0.0011034817259047	9.01259978905604E-4	-5.85165932498186E-4	3.89107213856654E-4
10.054550950694	0.854710159147084	-0.00794960022333942	0.00378436239475448	-0.00120977519886562	9.88074332917694E-4	-6.41532356847129E-4	4.26588176290411E-4
10.918458967545	0.853246562380969	-0.00870808326696038	0.00414543397404106	-0.00132520162901978	0.00108234795754033	-7.02741902098743E-4	4.67289581296353E-4
11.8565957654961	0.851657210323954	-0.00953173675779901	0.00453752957752646	-0.00145054573912361	0.00118472176888324	-7.69210699315958E-4	5.11488136026252E-4
12.8753392364481	0.849931297818801	-0.0104261602767903	0.00496331485416427	-0.00158665967695169	0.00129589175190686	-8.4139063441173E-4	5.5948432288827E-4
13.9816152740941	0.848057091306596	-0.011397434532558	0.00542568449103341	-0.00173446880859514	0.00141661369205301	-9.19772420280432E-4	6.11604442366644E-4
15.1829448593783	0.846021849056537	-0.0124521627009104	0.00592778189277227	-0.00189497800953227	0.00154770831342714	-0.00100488893289319	6.68202831364701E-4
16.4874951916354	0.843811734541702	-0.0135975153163125	0.00647302055191083	-0.00206927849624117	0.00169006685846395	-0.00109731883403748	7.29664272152545E-4
17.9041352130242	0.841411722371876	-0.0148412790205259	0.0070651072553864	-0.00225855524479879	0.00184465714700951	-0.00119769050533012	7.96406608296553E-4
19.4424959037369	0.838805496143936	-0.0161919094998352	0.00770806728501167	-0.00246409504690144	0.00201253015601237	-0.00130668632024883	8.68883585355E-4
21.1130357578983	0.835975337515327	-0.0176585889707504	0.00840627178321956	-0.00268729525807549	0.00219482716455552	-0.0014250472832257	9.4758793565219E-4
22.9271118852913	0.832902005746494	-0.0192512886050014	0.00916446747013008	-0.00292967329755253	0.00239278751280429	-0.0015535780673412	0.00103305472810281
24.8970572222907	0.829564606893357	-0.0209808363182182	0.00998780891396957	-0.0031928769643937	0.00260775702761948	-0.0016931524848675	0.0011258650058602
27.0362643769225	0.825940451760522	-0.0228589903831558	0.0108818935742318	-0.00347869563999695	0.00284119717211649	-0.00184471942785212	0.00122664973651897
29.359276678065	0.822004901649541	-0.024898519367922	0.0118527998558207	-0.00378907245314709	0.00309469498137395	-0.00200930931912912	0.00133609410172724
31.8818870477878	0.817731200853534	-0.0271132889426638	0.0129071284328845	-0.0041261174903124	0.00336997385183898	-0.00218804111761453	0.00145494215537134
34.6212453690086	0.813090294759409	-0.029518356144866	0.0140520471232798	-0.00449212214099749	0.0036689052577808	-0.00238212992551139	0.00158400188200151
37.5959750784032	0.808050632321035	-0.0321300717441212	0.0152953396187435	-0.0048895746756788	0.00399352147444644	-0.0025928952491418	0.00172415068988803
40.8262997772224	0.802577951560502	-0.0349661914022942	0.0166454584020633	-0.00532117716222894	0.00434602939441664	-0.00282176996956691	0.00187634137605227
44.3341807207736	0.796635046639201	-0.0380459963848003	0.0181115822110009	-0.00578986383583547	0.0047288255310918	-0.00307031008398121	0.00204160860382558
48.143466121287	0.790181514915164	-0.0413904246436489	0.0197036784396367	-0.00629882104730148	0.00514451231130887	-0.00334020528410788	0.00222107593697369
52.2800532791952	0.783173482267044	-0.0450222131634152	0.0214325709013674	-0.00685150892534581	0.00559591576785386	-0.00363329044351195	0.00241596347820765
56.7720646450709	0.775958204539404	-0.0494811446508489	0.0198501151462916	-0.00550269705723426	0.00771013108691175	-0.00666730398690298	0.00243832250925237
61.6500390091746	0.769313313222633	-0.0577196307829946	0.0272004842616936	-0.00660443846922755	0.0127532122256789	-0.00417191034383549	0.00626829862481517
66.9471391184068	0.762494722658015	-0.0605613744367735	0.0272788871624211	-0.00632257906240199	0.00677474257562838	-0.0062354145256229	0.00505228343692613
72.6993771321431	0.754793594211636	-0.0678737754727655	0.0308438674022892	-0.0112710993410105	0.00922292329336796	-0.0051589800547533	0.00752135191942459
78.9458594497047	0.746681655016048	-0.0727690081140529	0.032427225531036	-0.0111213188955014	0.0102659099147972	-0.00369036698639898	0.00749452608814194
85.7290525739171	0.738132376801464	-0.0806925297481946	0.0337311793847	-0.012351806725067	0.0125360134365568	-0.00503689125320397	0.00733640758839663
93.0950718182212	0.728604512364373	-0.0888285405649333	0.0370110370796499	-0.0135020937167041	0.0125928956835788	-0.00700462781608027	0.00533069060701753
101.093994820101	0.718923136212675	-0.0978452114864534	0.038266686908812	-0.0148515415717867	0.0132177287004311	-0.00685264995019314	0.00616307598397727
109.780201992242	0.707768770373915	-0.107873560280606	0.0407379426607631	-0.0149670483154684	0.0161364662345157	-0.00768457840177354	0.00706030638411579
119.212746225963	0.695830016991057	-0.117812246214218	0.0448483515469025	-0.0166797438081879	0.0152863425173616	-0.00826111023066432	0.00856373462673216
129.455754360337	0.682954914418176	-0.128681522534858	0.0486489301323039	-0.0183737329051122	0.0179510724627252	-0.0096887739080415	0.0102232923948859
140.57886314638	0.6692925246004	-0.139928430636671	0.0515970865761259	-0.0200146087504569	0.0174936002581314	-0.00997113199931363	0.0107551944537126
152.657692670196	0.654823735976086	-0.151991128268794	0.0556350431899921	-0.0222408722925814	0.0190293543160222	-0.010364822287195	0.0118537881050374
165.77436045362	0.639004967689505	-0.165212392554546	0.0598490123037143	-0.0244152260351993	0.020609525621768	-0.0115698086731482	0.0112848644151112
180.018039727466	0.622358361336276	-0.178751205064563	0.0642813007450215	-0.0270878960431494	0.0227853061879096	-0.012735284908112	0.0123744363886979
195.485565672782	0.604413592579784	-0.193488426272469	0.0690833499555162	-0.0302764133970842	0.0236307579712055	-0.0134733923158535	0.0133902721630996
212.282093751612	0.585148739390818	-0.207904447971563	0.0749391211109858	-0.032633893935884	0.0255364664253289	-0.0145748496139692	0.0141852586546273
230.521814602922	0.564667194778206	-0.222829233289843	0.080880164258116	-0.0357177045891924	0.0268605729798295	-0.0164364908581494	0.0147013610054035
250.328730363865	0.542852362120703	-0.237656869527345	0.0874078423711482	-0.0390160757112276	0.0287105974851118	-0.01752506385809	0.0156805651430437
271.8374976942	0.519977377054291	-0.252275095791917	0.0944744270781155	-0.0427354670138433	0.0305875629126503	-0.0191864138554698	0.0169587749781793
295.194343235126	0.495964638031521	-0.266130854690404	0.102520888090047	-0.0469255383636561	0.0326508967225663	-0.020953765235392	0.0177748797256004
320.558057726253	0.470922626443318	-0.279138261010437	0.111172077803762	-0.0516671546915751	0.0345983311410341	-0.0225800047456646	0.0191600840278496
348.101075539174	0.444989780798837	-0.290896094131653	0.11988997554964	-0.0568093399801841	0.0366578012554523	-0.0243447134631962	0.0201128637382214
378.010646966826	0.41829028381081	-0.301418092952602	0.128649622200615	-0.0626819046406437	0.0391760290524127	-0.0259530467261746	0.0214060003271259
410.490111238389	0.390966367530661	-0.310278032577636	0.137412121520881	-0.0688532945559528	0.0423568008323163	-0.0278746129827975	0.0224755466784794
445.760278914293	0.363156566400791	-0.31764704920587	0.145582972627971	-0.0755460286396864	0.0454746196041541	-0.0299859302361119	0.0234423437705263
484.06093305949	0.335075993034164	-0.323163455044942	0.152979619425142	-0.0822200290660434	0.0496081859972308	-0.0322047051089075	0.0249825506594409
525.652459400663	0.306955965897724	-0.326296003053086	0.159710199772821	-0.0880560427647626	0.0541557147905621	-0.0348585001828198	0.0260250037283886
570.817616549957	0.278947930764718	-0.326845457094283	0.16546982442645	-0.0933477910574102	0.0583937149515534	-0.0382371273244988	0.0274890559858058
619.863458330016	0.251332976731001	-0.324501573678757	0.170347918153268	-0.0979257580103539	0.0626183013168842	-0.0417112109848618	0.0295812311166157
673.123421269219	0.224479456010291	-0.318801211699243	0.174456056143032	-0.101328388845088	0.0665375572719566	-0.0449165062105246	0.0318679850523786
730.959591458849	0.198707332620831	-0.308944868693045	0.178054717173877	-0.103049916592759	0.0696417831742898	-0.0477453903656565	0.0339837130464522
793.765166183381	0.174426690941776	-0.294168495552271	0.181247200500903	-0.103117067221505	0.0715593604373657	-0.0504395536031184	0.0360849636176898
861.967127059172	0.152046562018905	-0.27415354041013	0.18390286292225	-0.102292724711523	0.0717615214247226	-0.052890319177012	0.0378799438302739
936.029142854819	0.131648853711339	-0.25029908428371	0.183729194927268	-0.102903481687042	0.0689395276232052	-0.0544949064529159	0.0396356164346005
1016.4547217279	0.113105295978009	-0.22441229897271	0.179047421942116	-0.104714865655812	0.0654536488971294	-0.0528311941096106	0.0418221823700318
1103.79063430848	0.0963100319270053	-0.197827607971869	0.169783549007214	-0.10585642336455	0.0632349429768733	-0.0486536929469627	0.0417831126266591
1198.6306309011	0.081164705401801	-0.171518711582777	0.156677743201053	-0.104803864686882	0.0622793886521601	-0.0440853283640215	0.0387360525049224
1301.61947807653	0.0675600355399262	-0.146149448420362	0.140732597162583	-0.100767724582825	0.0615126721721778	-0.0403675858938781	0.0339494924452756
1413.45734209592	0.0553694666312424	-0.122103685605706	0.122859190475183	-0.0935094728610536	0.0596317860516697	-0.0374458555481219	0.0288923612840882
1534.90454896787	0.0444510151808389	-0.0995729621219815	0.103869043401793	-0.0833027290163428	0.0557633890207103	-0.034630846219148	0.0243705666292237
1666.78675349963	0.0347244821482166	-0.0787748833321717	0.084614776820015	-0.0708854889661436	0.0497060628665333	-0.0312239600815287	0.0204351125577269
1810.00055248386	0.0262290901186196	-0.0601126049212118	0.066117265899741	-0.0574159106974159	0.0419699218048595	-0.0269869176224805	0.0168956299133342
1965.51958018221	0.0191672320357005	-0.0442981854651977	0.0496862309652681	-0.0444682790894618	0.0337329664390246	-0.0223375566333611	0.0137350505752457
2134.40112754558	0.0136162588406492	-0.0316743142496059	0.0360677532355847	-0.0330358994565589	0.0257850339286261	-0.01748644761151	0.010638163096647
2317.79333017151	0.00927083184735534	-0.0216444809319499	0.0248489615804881	-0.023025127198968	0.018182532817086	-0.0123584239614182	0.0072708801595172
2516.94297386601	0.00577258103514823	-0.0134741255267395	0.0154483643492058	-0.0142435321301357	0.0110819548837805	-0.00723036267036908	0.00379952638464793
2733.20397087549	0.00300089135550843	-0.00696281540105557	0.00785701521030372	-0.00701629912925277	0.00512055452818863	-0.00289161727995331	9.67176361096308E-4
2968.04656441422	0.00112722030708088	-0.00258013762604844	0.00280855437984247	-0.00233134162581874	0.0014541622428215	-5.05892340486408E-4	-2.34123441054043E-4
3223.06732406411	2.55592160552333E-4	-5.7450094270232E-4	5.95489840030319E-4	-4.44997286874362E-4	2.10835719592308E-4	1.45445841018096E-5	-1.60080431291509E-4
3500	0	-1.35525271560688E-20	1.35525271560688E-20	0	0	0	0
