   0.104164646E+01   0.100000000E+01   0.108502734E+01   0.176173384E+04   0.000000000E+00   0.258410614E+03   0.000000000E+00   0.284949117E+03   0.000000000E+00  -0.584042021E+03   0.000000000E+00   0.714104884E+02   0.000000000E+00   0.108927382E+03   0.000000000E+00   0.486604807E+03
   0.113021488E+01   0.108502734E+01   0.117728432E+01   0.156603766E+04   0.000000000E+00  -0.348116304E+03   0.000000000E+00   0.558641502E+03   0.000000000E+00   0.835614360E+03   0.000000000E+00   0.996038439E+03   0.000000000E+00   0.210457019E+03   0.000000000E+00  -0.624141759E+03
   0.122631404E+01   0.117728432E+01   0.127738567E+01   0.191375798E+04   0.000000000E+00   0.219899894E+03   0.000000000E+00  -0.100716027E+03   0.000000000E+00  -0.111985106E+03   0.000000000E+00   0.193456074E+03   0.000000000E+00   0.871202878E+03   0.000000000E+00  -0.197704164E+03
   0.133058426E+01   0.127738567E+01   0.138599838E+01   0.174722649E+04   0.000000000E+00   0.841614573E+02   0.000000000E+00  -0.105161929E+03   0.000000000E+00   0.530041975E+03   0.000000000E+00   0.584797600E+02   0.000000000E+00  -0.165412412E+03   0.000000000E+00   0.125032105E+03
   0.144372030E+01   0.138599838E+01   0.150384613E+01   0.174508480E+04   0.000000000E+00   0.583316968E+02   0.000000000E+00   0.220608591E+03   0.000000000E+00  -0.215405736E+03   0.000000000E+00  -0.278829423E+03   0.000000000E+00  -0.207483640E+03   0.000000000E+00  -0.931597050E+02
   0.156647599E+01   0.150384613E+01   0.163171416E+01   0.165284647E+04   0.000000000E+00  -0.206582945E+03   0.000000000E+00  -0.496990433E+02   0.000000000E+00  -0.256183463E+03   0.000000000E+00   0.445144450E+03   0.000000000E+00  -0.414779947E+02   0.000000000E+00  -0.108921632E+03
   0.169966927E+01   0.163171416E+01   0.177045447E+01   0.164296107E+04   0.000000000E+00   0.176095791E+03   0.000000000E+00  -0.282087922E+03   0.000000000E+00   0.486096829E+03   0.000000000E+00  -0.289943817E+03   0.000000000E+00  -0.358375639E+02   0.000000000E+00  -0.696490301E+02
   0.184418762E+01   0.177045447E+01   0.192099150E+01   0.175590348E+04   0.000000000E+00  -0.112755406E+03   0.000000000E+00  -0.566740902E+02   0.000000000E+00   0.238242014E+03   0.000000000E+00   0.848562290E+02   0.000000000E+00   0.365200325E+03   0.000000000E+00   0.314913233E+02
   0.200099399E+01   0.192099150E+01   0.208432829E+01   0.168883882E+04   0.000000000E+00   0.131604401E+03   0.000000000E+00   0.103156504E+03   0.000000000E+00  -0.184684715E+03   0.000000000E+00  -0.171999430E+02   0.000000000E+00   0.297519114E+03   0.000000000E+00  -0.413727345E+03
   0.217113318E+01   0.208432829E+01   0.226155318E+01   0.169399916E+04   0.000000000E+00  -0.856652768E+02   0.000000000E+00   0.194335736E+03   0.000000000E+00   0.142087765E+03   0.000000000E+00  -0.165254426E+03   0.000000000E+00  -0.118256409E+03   0.000000000E+00  -0.105065021E+03
   0.235573885E+01   0.226155318E+01   0.245384702E+01   0.162599078E+04   0.000000000E+00   0.886153332E+02   0.000000000E+00   0.875253424E+02   0.000000000E+00   0.174551158E+03   0.000000000E+00   0.549471612E+02   0.000000000E+00   0.114860442E+03   0.000000000E+00  -0.166011196E+03
   0.255604105E+01   0.245384702E+01   0.266249110E+01   0.173021207E+04   0.000000000E+00   0.129922318E+03   0.000000000E+00  -0.363692654E+02   0.000000000E+00  -0.884987123E+02   0.000000000E+00  -0.102747036E+03   0.000000000E+00   0.280209388E+02   0.000000000E+00   0.866945941E+02
   0.277337442E+01   0.266249110E+01   0.288887563E+01   0.167799885E+04   0.000000000E+00   0.256307996E+02   0.000000000E+00   0.127974480E+03   0.000000000E+00   0.171551500E+03   0.000000000E+00  -0.130867347E+03   0.000000000E+00   0.100290873E+03   0.000000000E+00  -0.758037385E+02
   0.300918706E+01   0.288887563E+01   0.313450904E+01   0.161798031E+04   0.000000000E+00   0.490262376E+01   0.000000000E+00   0.132736689E+03   0.000000000E+00   0.108568649E+03   0.000000000E+00   0.266222672E+03   0.000000000E+00   0.150544104E+03   0.000000000E+00   0.914013542E+01
   0.326505023E+01   0.313450904E+01   0.340102799E+01   0.168942449E+04   0.000000000E+00   0.552906988E+02   0.000000000E+00   0.466710366E+02   0.000000000E+00   0.177043747E+03   0.000000000E+00   0.513644472E+02   0.000000000E+00   0.589350926E+02   0.000000000E+00   0.682486759E+02
   0.354266875E+01   0.340102799E+01   0.369020835E+01   0.167361689E+04   0.000000000E+00   0.116280348E+03   0.000000000E+00   0.269152256E+02   0.000000000E+00   0.163814568E+03   0.000000000E+00  -0.116081302E+03   0.000000000E+00  -0.304967520E+02   0.000000000E+00   0.118398501E+03
   0.384389245E+01   0.369020835E+01   0.400397694E+01   0.161263693E+04   0.000000000E+00   0.523652253E+02   0.000000000E+00   0.833795423E+02   0.000000000E+00  -0.122328136E+02   0.000000000E+00   0.790497240E+01   0.000000000E+00   0.328734646E+02   0.000000000E+00  -0.117052846E+03
   0.417072839E+01   0.400397694E+01   0.434442444E+01   0.160996286E+04   0.000000000E+00   0.468680615E+02   0.000000000E+00   0.129540444E+02   0.000000000E+00  -0.851013860E+01   0.000000000E+00   0.490194344E+02   0.000000000E+00  -0.294428287E+02   0.000000000E+00   0.165800839E+03
   0.452535432E+01   0.434442444E+01   0.471381928E+01   0.161103010E+04   0.000000000E+00   0.813499587E+02   0.000000000E+00   0.603776709E+02   0.000000000E+00  -0.930633983E+01   0.000000000E+00   0.636427843E+01   0.000000000E+00  -0.232795762E+02   0.000000000E+00  -0.243152931E+02
   0.491013314E+01   0.471381928E+01   0.511462278E+01   0.164299954E+04   0.000000000E+00   0.408498452E+02   0.000000000E+00   0.112892047E+02   0.000000000E+00  -0.951117792E+01   0.000000000E+00   0.198843875E+02   0.000000000E+00   0.484530606E+01   0.000000000E+00   0.185431343E+01
   0.532762869E+01   0.511462278E+01   0.554950554E+01   0.162363801E+04   0.000000000E+00   0.558069825E+02   0.000000000E+00   0.194447796E+02   0.000000000E+00  -0.258912739E+01   0.000000000E+00   0.392200378E+02   0.000000000E+00   0.410987696E+02   0.000000000E+00  -0.512476717E+02
   0.578062277E+01   0.554950554E+01   0.602136522E+01   0.162274308E+04   0.000000000E+00   0.114064971E+02   0.000000000E+00   0.975481949E+02   0.000000000E+00   0.221676584E+02   0.000000000E+00  -0.182754546E+02   0.000000000E+00  -0.229252375E+02   0.000000000E+00   0.422155833E+02
   0.627213374E+01   0.602136522E+01   0.653334587E+01   0.162703753E+04   0.000000000E+00   0.369384318E+02   0.000000000E+00   0.273554388E+02   0.000000000E+00   0.321331743E+02   0.000000000E+00  -0.439633171E+01   0.000000000E+00   0.222037800E+02   0.000000000E+00   0.482237090E+01
   0.680543657E+01   0.653334587E+01   0.708885888E+01   0.160882122E+04   0.000000000E+00   0.620958749E+02   0.000000000E+00   0.526398261E+02   0.000000000E+00  -0.123309773E+01   0.000000000E+00   0.743843145E+02   0.000000000E+00  -0.451243285E+02   0.000000000E+00  -0.932129769E+01
   0.738408472E+01   0.708885888E+01   0.769160567E+01   0.160168253E+04   0.000000000E+00   0.485189954E+02   0.000000000E+00   0.108859625E+02   0.000000000E+00  -0.114786660E+02   0.000000000E+00   0.292108328E+02   0.000000000E+00   0.154606723E+02   0.000000000E+00   0.462697313E+02
   0.801193378E+01   0.769160567E+01   0.834560242E+01   0.158922022E+04   0.000000000E+00   0.490183645E+02   0.000000000E+00   0.333166662E+02   0.000000000E+00   0.923078377E+00   0.000000000E+00   0.417028608E+02   0.000000000E+00   0.128739179E+02   0.000000000E+00   0.153215253E+01
   0.869316718E+01   0.834560242E+01   0.905520678E+01   0.158328645E+04   0.000000000E+00   0.309536305E+02   0.000000000E+00   0.189323762E+02   0.000000000E+00   0.156035840E+02   0.000000000E+00   0.525412435E+02   0.000000000E+00  -0.304376853E+01   0.000000000E+00   0.101031430E+02
   0.943232404E+01   0.905520678E+01   0.982514690E+01   0.158143182E+04   0.000000000E+00   0.486655450E+02   0.000000000E+00   0.307237618E+02   0.000000000E+00   0.309917017E+02   0.000000000E+00   0.365896990E+02   0.000000000E+00   0.225197441E+01   0.000000000E+00   0.167170330E+02
   0.102343294E+02   0.982514690E+01   0.106605530E+02   0.157310517E+04   0.000000000E+00   0.512847773E+02   0.000000000E+00   0.187015505E+02   0.000000000E+00   0.339028334E+02   0.000000000E+00   0.207505140E+02   0.000000000E+00   0.639243882E+02   0.000000000E+00   0.285243025E+01
   0.111045272E+02   0.106605530E+02   0.115669914E+02   0.156540454E+04   0.000000000E+00   0.594684326E+02   0.000000000E+00   0.274639271E+02   0.000000000E+00   0.489960808E+01   0.000000000E+00   0.214920646E+02   0.000000000E+00   0.403058320E+01   0.000000000E+00   0.369271226E+02
   0.120487156E+02   0.115669914E+02   0.125505019E+02   0.155422830E+04   0.000000000E+00   0.619491355E+02   0.000000000E+00   0.237480776E+02   0.000000000E+00   0.522639095E+01   0.000000000E+00   0.706797940E+01   0.000000000E+00   0.164679120E+02   0.000000000E+00   0.196176815E+02
   0.130731858E+02   0.125505019E+02   0.136176377E+02   0.155703118E+04   0.000000000E+00   0.713723165E+02   0.000000000E+00   0.192180532E+02   0.000000000E+00   0.538062417E+01   0.000000000E+00   0.119358015E+02   0.000000000E+00   0.189532906E+02   0.000000000E+00   0.280829782E+02
   0.141847640E+02   0.136176377E+02   0.147755091E+02   0.154473954E+04   0.000000000E+00   0.610311820E+02   0.000000000E+00   0.368711972E+02   0.000000000E+00   0.314557738E+01   0.000000000E+00   0.142159149E+02   0.000000000E+00  -0.207942257E+01   0.000000000E+00   0.389067965E+02
   0.153908567E+02   0.147755091E+02   0.160318313E+02   0.153244248E+04   0.000000000E+00   0.654666548E+02   0.000000000E+00   0.189067777E+02   0.000000000E+00   0.122026592E+02   0.000000000E+00   0.996023148E+01   0.000000000E+00   0.157856492E+02   0.000000000E+00  -0.146697008E+02
   0.166995003E+02   0.160318313E+02   0.173949753E+02   0.152259099E+04   0.000000000E+00   0.713602539E+02   0.000000000E+00   0.217231146E+02   0.000000000E+00   0.925600099E+01   0.000000000E+00   0.519813838E+01   0.000000000E+00   0.546533343E+01   0.000000000E+00   0.119015198E+02
   0.181194143E+02   0.173949753E+02   0.188740237E+02   0.151253047E+04   0.000000000E+00   0.793508781E+02   0.000000000E+00   0.348707784E+02   0.000000000E+00   0.877310295E+01   0.000000000E+00   0.186743216E+02   0.000000000E+00   0.148671480E+02   0.000000000E+00   0.128924522E+02
   0.196600599E+02   0.188740237E+02   0.204788317E+02   0.150497292E+04   0.000000000E+00   0.845852749E+02   0.000000000E+00   0.273585502E+02   0.000000000E+00   0.176412978E+02   0.000000000E+00   0.252879758E+02   0.000000000E+00   0.146109980E+02   0.000000000E+00   0.125664922E+02
   0.213317024E+02   0.204788317E+02   0.222200922E+02   0.149127354E+04   0.000000000E+00   0.868411491E+02   0.000000000E+00   0.305386976E+02   0.000000000E+00   0.936997107E+01   0.000000000E+00   0.222339162E+02   0.000000000E+00   0.133969383E+02   0.000000000E+00   0.790230267E+01
   0.231454803E+02   0.222200922E+02   0.241094075E+02   0.147996745E+04   0.000000000E+00   0.929697921E+02   0.000000000E+00   0.334061660E+02   0.000000000E+00   0.151810954E+02   0.000000000E+00   0.771746934E+01   0.000000000E+00   0.889044532E+01   0.000000000E+00   0.985220725E+01
   0.251134788E+02   0.241094075E+02   0.261593662E+02   0.146457615E+04   0.000000000E+00   0.101596583E+03   0.000000000E+00   0.275938245E+02   0.000000000E+00   0.159429699E+02   0.000000000E+00   0.101074509E+02   0.000000000E+00   0.725441985E+01   0.000000000E+00   0.772643067E+01
   0.272488111E+02   0.261593662E+02   0.283836275E+02   0.144997858E+04   0.000000000E+00   0.106081805E+03   0.000000000E+00   0.341513922E+02   0.000000000E+00   0.171918753E+02   0.000000000E+00   0.764466334E+01   0.000000000E+00   0.151377743E+02   0.000000000E+00   0.115582773E+02
   0.295657049E+02   0.283836275E+02   0.307970117E+02   0.143509084E+04   0.000000000E+00   0.113988327E+03   0.000000000E+00   0.364729275E+02   0.000000000E+00   0.142795897E+02   0.000000000E+00   0.118992872E+02   0.000000000E+00   0.136401365E+02   0.000000000E+00   0.960439887E+01
   0.320795981E+02   0.307970117E+02   0.334155997E+02   0.142021148E+04   0.000000000E+00   0.121372291E+03   0.000000000E+00   0.374284592E+02   0.000000000E+00   0.193024668E+02   0.000000000E+00   0.165516204E+02   0.000000000E+00   0.104843661E+02   0.000000000E+00   0.954787099E+01
   0.348072409E+02   0.334155997E+02   0.362568391E+02   0.140349102E+04   0.000000000E+00   0.128596370E+03   0.000000000E+00   0.410577558E+02   0.000000000E+00   0.213225632E+02   0.000000000E+00   0.170226224E+02   0.000000000E+00   0.626875084E+01   0.000000000E+00   0.815033983E+01
   0.377668079E+02   0.362568391E+02   0.393396616E+02   0.138349777E+04   0.000000000E+00   0.134481179E+03   0.000000000E+00   0.438371722E+02   0.000000000E+00   0.227576988E+02   0.000000000E+00   0.112508447E+02   0.000000000E+00   0.110230559E+02   0.000000000E+00   0.933416098E+01
   0.409780191E+02   0.393396616E+02   0.426846083E+02   0.136429117E+04   0.000000000E+00   0.146158081E+03   0.000000000E+00   0.481506707E+02   0.000000000E+00   0.206786995E+02   0.000000000E+00   0.127218627E+02   0.000000000E+00   0.850669400E+01   0.000000000E+00   0.938288165E+01
   0.444622709E+02   0.426846083E+02   0.463139669E+02   0.134405147E+04   0.000000000E+00   0.152129640E+03   0.000000000E+00   0.509128812E+02   0.000000000E+00   0.254359103E+02   0.000000000E+00   0.157950353E+02   0.000000000E+00   0.962103166E+01   0.000000000E+00   0.105785915E+02
   0.482427794E+02   0.463139669E+02   0.502519202E+02   0.132260965E+04   0.000000000E+00   0.159440143E+03   0.000000000E+00   0.549183207E+02   0.000000000E+00   0.219672026E+02   0.000000000E+00   0.166291795E+02   0.000000000E+00   0.116728519E+02   0.000000000E+00   0.917069493E+01
   0.523447345E+02   0.502519202E+02   0.545247072E+02   0.129991072E+04   0.000000000E+00   0.167055679E+03   0.000000000E+00   0.573267991E+02   0.000000000E+00   0.267360250E+02   0.000000000E+00   0.168679495E+02   0.000000000E+00   0.126898613E+02   0.000000000E+00   0.928508251E+01
   0.567954679E+02   0.545247072E+02   0.591607978E+02   0.127660778E+04   0.000000000E+00   0.173573094E+03   0.000000000E+00   0.631144083E+02   0.000000000E+00   0.290922331E+02   0.000000000E+00   0.185996370E+02   0.000000000E+00   0.106636056E+02   0.000000000E+00   0.972698128E+01
   0.616246353E+02   0.591607978E+02   0.641910830E+02   0.125169646E+04   0.000000000E+00   0.180691497E+03   0.000000000E+00   0.673300431E+02   0.000000000E+00   0.294159464E+02   0.000000000E+00   0.190573134E+02   0.000000000E+00   0.122993507E+02   0.000000000E+00   0.891421675E+01
   0.668644140E+02   0.641910830E+02   0.696490798E+02   0.122674338E+04   0.000000000E+00   0.186465519E+03   0.000000000E+00   0.731237752E+02   0.000000000E+00   0.297777874E+02   0.000000000E+00   0.206079404E+02   0.000000000E+00   0.130592588E+02   0.000000000E+00   0.103337969E+02
   0.725497171E+02   0.696490798E+02   0.755711556E+02   0.120105896E+04   0.000000000E+00   0.189659700E+03   0.000000000E+00   0.804304084E+02   0.000000000E+00   0.317880627E+02   0.000000000E+00   0.220227194E+02   0.000000000E+00   0.123014738E+02   0.000000000E+00   0.105114546E+02
   0.787184264E+02   0.755711556E+02   0.819967698E+02   0.117477859E+04   0.000000000E+00   0.193061861E+03   0.000000000E+00   0.856488883E+02   0.000000000E+00   0.359510110E+02   0.000000000E+00   0.221867931E+02   0.000000000E+00   0.144800276E+02   0.000000000E+00   0.119866163E+02
   0.854116446E+02   0.819967698E+02   0.889687368E+02   0.114731117E+04   0.000000000E+00   0.196441840E+03   0.000000000E+00   0.888392430E+02   0.000000000E+00   0.411703717E+02   0.000000000E+00   0.228202796E+02   0.000000000E+00   0.148292025E+02   0.000000000E+00   0.128730465E+02
   0.926739693E+02   0.889687368E+02   0.965335116E+02   0.111780681E+04   0.000000000E+00   0.201166925E+03   0.000000000E+00   0.895165253E+02   0.000000000E+00   0.477450746E+02   0.000000000E+00   0.255057629E+02   0.000000000E+00   0.144101267E+02   0.000000000E+00   0.135015854E+02
   0.100553790E+03   0.965335116E+02   0.104741499E+03   0.108610791E+04   0.000000000E+00   0.207946195E+03   0.000000000E+00   0.893994697E+02   0.000000000E+00   0.511881074E+02   0.000000000E+00   0.290921645E+02   0.000000000E+00   0.145469504E+02   0.000000000E+00   0.136667811E+02
   0.109103611E+03   0.104741499E+03   0.113647390E+03   0.105209257E+04   0.000000000E+00   0.215513561E+03   0.000000000E+00   0.890926560E+02   0.000000000E+00   0.534186663E+02   0.000000000E+00   0.340501393E+02   0.000000000E+00   0.153507434E+02   0.000000000E+00   0.129248609E+02
   0.118380401E+03   0.113647390E+03   0.123310525E+03   0.101590021E+04   0.000000000E+00   0.223190077E+03   0.000000000E+00   0.884576221E+02   0.000000000E+00   0.534152524E+02   0.000000000E+00   0.371707100E+02   0.000000000E+00   0.191085236E+02   0.000000000E+00   0.132314213E+02
   0.128445971E+03   0.123310525E+03   0.133795290E+03   0.977297960E+03   0.000000000E+00   0.231310644E+03   0.000000000E+00   0.892541690E+02   0.000000000E+00   0.526508286E+02   0.000000000E+00   0.403789546E+02   0.000000000E+00   0.235187999E+02   0.000000000E+00   0.144882141E+02
   0.139367390E+03   0.133795290E+03   0.145171548E+03   0.936750324E+03   0.000000000E+00   0.238594118E+03   0.000000000E+00   0.913517258E+02   0.000000000E+00   0.512552154E+02   0.000000000E+00   0.424776614E+02   0.000000000E+00   0.269422199E+02   0.000000000E+00   0.177002543E+02
   0.151217428E+03   0.145171548E+03   0.157515098E+03   0.894866112E+03   0.000000000E+00   0.242439386E+03   0.000000000E+00   0.960094212E+02   0.000000000E+00   0.491419720E+02   0.000000000E+00   0.428670490E+02   0.000000000E+00   0.290053307E+02   0.000000000E+00   0.198030910E+02
   0.164075043E+03   0.157515098E+03   0.170908187E+03   0.852297292E+03   0.000000000E+00   0.242875631E+03   0.000000000E+00   0.102723731E+03   0.000000000E+00   0.473708141E+02   0.000000000E+00   0.411831552E+02   0.000000000E+00   0.306256141E+02   0.000000000E+00   0.226042436E+02
   0.178025907E+03   0.170908187E+03   0.185440055E+03   0.808990871E+03   0.000000000E+00   0.239737090E+03   0.000000000E+00   0.108873521E+03   0.000000000E+00   0.480153510E+02   0.000000000E+00   0.382937207E+02   0.000000000E+00   0.309408581E+02   0.000000000E+00   0.258161805E+02
   0.193162976E+03   0.185440055E+03   0.201207530E+03   0.765039923E+03   0.000000000E+00   0.234298534E+03   0.000000000E+00   0.114277735E+03   0.000000000E+00   0.510093551E+02   0.000000000E+00   0.354164398E+02   0.000000000E+00   0.291162789E+02   0.000000000E+00   0.270559624E+02
   0.209587110E+03   0.201207530E+03   0.218315670E+03   0.720234077E+03   0.000000000E+00   0.226152518E+03   0.000000000E+00   0.118064617E+03   0.000000000E+00   0.544039117E+02   0.000000000E+00   0.344146813E+02   0.000000000E+00   0.261304953E+02   0.000000000E+00   0.266959876E+02
   0.227407744E+03   0.218315670E+03   0.236878470E+03   0.674772151E+03   0.000000000E+00   0.215542130E+03   0.000000000E+00   0.119873315E+03   0.000000000E+00   0.581136209E+02   0.000000000E+00   0.347812744E+02   0.000000000E+00   0.241643121E+02   0.000000000E+00   0.248408343E+02
   0.246743619E+03   0.236878470E+03   0.257019616E+03   0.628373764E+03   0.000000000E+00   0.203436259E+03   0.000000000E+00   0.118647106E+03   0.000000000E+00   0.614365003E+02   0.000000000E+00   0.354769757E+02   0.000000000E+00   0.232710838E+02   0.000000000E+00   0.222019295E+02
   0.267723572E+03   0.257019616E+03   0.278873309E+03   0.580364593E+03   0.000000000E+00   0.191533524E+03   0.000000000E+00   0.114176124E+03   0.000000000E+00   0.649136135E+02   0.000000000E+00   0.371182953E+02   0.000000000E+00   0.229363440E+02   0.000000000E+00   0.203764070E+02
   0.290487394E+03   0.278873309E+03   0.302585164E+03   0.530499429E+03   0.000000000E+00   0.180518840E+03   0.000000000E+00   0.106124245E+03   0.000000000E+00   0.667760100E+02   0.000000000E+00   0.389883282E+02   0.000000000E+00   0.223438249E+02   0.000000000E+00   0.191033972E+02
   0.315186764E+03   0.302585164E+03   0.328313175E+03   0.478679716E+03   0.000000000E+00   0.170685800E+03   0.000000000E+00   0.957299364E+02   0.000000000E+00   0.658659491E+02   0.000000000E+00   0.414243231E+02   0.000000000E+00   0.226333485E+02   0.000000000E+00   0.179814183E+02
   0.341986255E+03   0.328313175E+03   0.356228770E+03   0.425765088E+03   0.000000000E+00   0.160382675E+03   0.000000000E+00   0.858102396E+02   0.000000000E+00   0.611260083E+02   0.000000000E+00   0.440267914E+02   0.000000000E+00   0.231251234E+02   0.000000000E+00   0.171474646E+02
   0.371064436E+03   0.356228770E+03   0.386517954E+03   0.373761885E+03   0.000000000E+00   0.145633801E+03   0.000000000E+00   0.793059539E+02   0.000000000E+00   0.511794809E+02   0.000000000E+00   0.449943207E+02   0.000000000E+00   0.244556378E+02   0.000000000E+00   0.160315007E+02
   0.402615057E+03   0.386517954E+03   0.419382547E+03   0.324859869E+03   0.000000000E+00   0.124015986E+03   0.000000000E+00   0.771606136E+02   0.000000000E+00   0.392273502E+02   0.000000000E+00   0.420828443E+02   0.000000000E+00   0.268746304E+02   0.000000000E+00   0.159014859E+02
   0.436848343E+03   0.419382547E+03   0.455041528E+03   0.280178198E+03   0.000000000E+00   0.958399746E+02   0.000000000E+00   0.768311025E+02   0.000000000E+00   0.295801443E+02   0.000000000E+00   0.347404491E+02   0.000000000E+00   0.281417677E+02   0.000000000E+00   0.170572434E+02
   0.473992395E+03   0.455041528E+03   0.493732498E+03   0.239930621E+03   0.000000000E+00   0.640148588E+02   0.000000000E+00   0.750455622E+02   0.000000000E+00   0.244851027E+02   0.000000000E+00   0.252867639E+02   0.000000000E+00   0.256874245E+02   0.000000000E+00   0.185994203E+02
   0.514294706E+03   0.493732498E+03   0.535713257E+03   0.203707011E+03   0.000000000E+00   0.319959080E+02   0.000000000E+00   0.696725432E+02   0.000000000E+00   0.223589145E+02   0.000000000E+00   0.169656674E+02   0.000000000E+00   0.190156426E+02   0.000000000E+00   0.183980332E+02
   0.558023816E+03   0.535713257E+03   0.581263529E+03   0.171125906E+03   0.000000000E+00   0.194934473E+01   0.000000000E+00   0.607181995E+02   0.000000000E+00   0.200788743E+02   0.000000000E+00   0.117338590E+02   0.000000000E+00   0.113551057E+02   0.000000000E+00   0.150372065E+02
   0.605471095E+03   0.581263529E+03   0.630686820E+03   0.142072393E+03   0.000000000E+00  -0.242992567E+02   0.000000000E+00   0.501633860E+02   0.000000000E+00   0.163951410E+02   0.000000000E+00   0.920215088E+01   0.000000000E+00   0.591905877E+01   0.000000000E+00   0.998807776E+01
   0.656952690E+03   0.630686820E+03   0.684312441E+03   0.116530512E+03   0.000000000E+00  -0.452728116E+02   0.000000000E+00   0.401971721E+02   0.000000000E+00   0.116448984E+02   0.000000000E+00   0.756365173E+01   0.000000000E+00   0.288485864E+01   0.000000000E+00   0.514008637E+01
   0.712811628E+03   0.684312441E+03   0.742497706E+03   0.942992794E+02   0.000000000E+00  -0.598856524E+02   0.000000000E+00   0.317681625E+02   0.000000000E+00   0.652681944E+01   0.000000000E+00   0.560119679E+01   0.000000000E+00   0.134008358E+01   0.000000000E+00   0.225214419E+01
   0.773420103E+03   0.742497706E+03   0.805630308E+03   0.752795257E+02   0.000000000E+00  -0.675589013E+02   0.000000000E+00   0.263140112E+02   0.000000000E+00   0.214347559E+01   0.000000000E+00   0.398980786E+01   0.000000000E+00   0.347412700E+00   0.000000000E+00   0.126761445E+01
   0.839181955E+03   0.805630308E+03   0.874130909E+03   0.595114810E+02   0.000000000E+00  -0.688231084E+02   0.000000000E+00   0.246581342E+02   0.000000000E+00  -0.128474881E+01   0.000000000E+00   0.290161528E+01   0.000000000E+00  -0.592545959E+00   0.000000000E+00   0.731513492E+00
   0.910535362E+03   0.874130909E+03   0.948455932E+03   0.468374130E+02   0.000000000E+00  -0.656384509E+02   0.000000000E+00   0.256257612E+02   0.000000000E+00  -0.455754091E+01   0.000000000E+00   0.187651607E+01   0.000000000E+00  -0.149881073E+01   0.000000000E+00   0.267806711E+00
   0.987955760E+03   0.948455932E+03   0.102910061E+04   0.370753159E+02   0.000000000E+00  -0.596992683E+02   0.000000000E+00   0.282354115E+02   0.000000000E+00  -0.697098948E+01   0.000000000E+00   0.180427879E+01   0.000000000E+00  -0.984093278E+00   0.000000000E+00   0.666955797E+00
   0.107195901E+04   0.102910061E+04   0.111660230E+04   0.296709204E+02   0.000000000E+00  -0.524018977E+02   0.000000000E+00   0.303418806E+02   0.000000000E+00  -0.893277714E+01   0.000000000E+00   0.181924686E+01   0.000000000E+00  -0.730044239E+00   0.000000000E+00   0.588041102E+00
   0.116310483E+04   0.111660230E+04   0.121154402E+04   0.237421756E+02   0.000000000E+00  -0.447229151E+02   0.000000000E+00   0.301648714E+02   0.000000000E+00  -0.109242570E+02   0.000000000E+00   0.196940811E+01   0.000000000E+00  -0.525577344E+00   0.000000000E+00   0.520779870E+00
   0.126200053E+04   0.121154402E+04   0.131455838E+04   0.187812355E+02   0.000000000E+00  -0.370537378E+02   0.000000000E+00   0.279900517E+02   0.000000000E+00  -0.122350504E+02   0.000000000E+00   0.258935845E+01   0.000000000E+00  -0.200868647E+00   0.000000000E+00   0.403826764E+00
   0.136930508E+04   0.131455838E+04   0.142633178E+04   0.144828274E+02   0.000000000E+00  -0.296057977E+02   0.000000000E+00   0.244409068E+02   0.000000000E+00  -0.125550049E+02   0.000000000E+00   0.352728114E+01   0.000000000E+00  -0.220381000E+00   0.000000000E+00   0.141545645E+00
   0.148573344E+04   0.142633178E+04   0.154760898E+04   0.108310423E+02   0.000000000E+00  -0.228081039E+02   0.000000000E+00   0.202944018E+02   0.000000000E+00  -0.119872267E+02   0.000000000E+00   0.441456626E+01   0.000000000E+00  -0.660322864E+00   0.000000000E+00  -0.117429210E-01
   0.161206140E+04   0.154760898E+04   0.167919805E+04   0.794737847E+01   0.000000000E+00  -0.171754088E+02   0.000000000E+00   0.163139101E+02   0.000000000E+00  -0.108703883E+02   0.000000000E+00   0.500920574E+01   0.000000000E+00  -0.131649826E+01   0.000000000E+00   0.563405546E-01
   0.174913069E+04   0.167919805E+04   0.182197579E+04   0.580720906E+01   0.000000000E+00  -0.128197116E+02   0.000000000E+00   0.128347792E+02   0.000000000E+00  -0.938953302E+01   0.000000000E+00   0.506988127E+01   0.000000000E+00  -0.180572397E+01   0.000000000E+00   0.243025301E+00
   0.189785462E+04   0.182197579E+04   0.197689354E+04   0.422942133E+01   0.000000000E+00  -0.948336540E+01   0.000000000E+00   0.986431806E+01   0.000000000E+00  -0.771098923E+01   0.000000000E+00   0.463650874E+01   0.000000000E+00  -0.199231164E+01   0.000000000E+00   0.441934655E+00
   0.205922414E+04   0.197689354E+04   0.214498353E+04   0.297269905E+01   0.000000000E+00  -0.674728296E+01   0.000000000E+00   0.723025648E+01   0.000000000E+00  -0.594841539E+01   0.000000000E+00   0.388101007E+01   0.000000000E+00  -0.191488607E+01   0.000000000E+00   0.588859941E+00
   0.223431449E+04   0.214498353E+04   0.232736577E+04   0.196485718E+01   0.000000000E+00  -0.450217711E+01   0.000000000E+00   0.493678233E+01   0.000000000E+00  -0.422393429E+01   0.000000000E+00   0.293021717E+01   0.000000000E+00  -0.159545912E+01   0.000000000E+00   0.595063634E+00
   0.242429230E+04   0.232736577E+04   0.252525548E+04   0.116243076E+01   0.000000000E+00  -0.268372191E+01   0.000000000E+00   0.299713456E+01   0.000000000E+00  -0.264513120E+01   0.000000000E+00   0.192545286E+01   0.000000000E+00  -0.113149539E+01   0.000000000E+00   0.487441220E+00
   0.263042342E+04   0.252525548E+04   0.273997123E+04   0.560009066E+00   0.000000000E+00  -0.130000139E+01   0.000000000E+00   0.147145975E+01   0.000000000E+00  -0.132930110E+01   0.000000000E+00   0.100482593E+01   0.000000000E+00  -0.629238384E+00   0.000000000E+00   0.308153718E+00
   0.285408132E+04   0.273997123E+04   0.297294369E+04   0.177610473E+00   0.000000000E+00  -0.419128094E+00   0.000000000E+00   0.493830487E+00   0.000000000E+00  -0.477938244E+00   0.000000000E+00   0.402530960E+00   0.000000000E+00  -0.298603188E+00   0.000000000E+00   0.194244756E+00
   0.309675626E+04   0.297294369E+04   0.322572518E+04   0.242060035E-01   0.000000000E+00  -0.590501506E-01   0.000000000E+00   0.752851330E-01   0.000000000E+00  -0.828242101E-01   0.000000000E+00   0.838248750E-01   0.000000000E+00  -0.797882799E-01   0.000000000E+00   0.721986046E-01
   0.336006520E+04   0.322572518E+04   0.350000000E+04   0.467646457E-03   0.000000000E+00  -0.116429565E-02   0.000000000E+00   0.155671160E-02   0.000000000E+00  -0.184560873E-02   0.000000000E+00   0.206851424E-02   0.000000000E+00  -0.224006247E-02   0.000000000E+00   0.236783933E-02
