   0.104164646E+01   0.100000000E+01   0.108502734E+01   0.152622826E+04   0.000000000E+00   0.443771109E+03   0.000000000E+00  -0.546100721E+03   0.000000000E+00  -0.609511224E+02   0.000000000E+00   0.685026754E+03   0.000000000E+00  -0.340035534E+03   0.000000000E+00   0.221179634E+03
   0.113021488E+01   0.108502734E+01   0.117728432E+01   0.152623821E+04   0.000000000E+00   0.180496602E+03   0.000000000E+00  -0.291978698E+03   0.000000000E+00  -0.466726800E+02   0.000000000E+00  -0.151986672E+03   0.000000000E+00  -0.150644843E+03   0.000000000E+00   0.266853861E+03
   0.122631404E+01   0.117728432E+01   0.127738567E+01   0.173574405E+04   0.000000000E+00   0.309531738E+03   0.000000000E+00   0.162530396E+03   0.000000000E+00   0.532809061E+03   0.000000000E+00   0.151662997E+03   0.000000000E+00   0.737760702E+02   0.000000000E+00   0.633943822E+03
   0.133058426E+01   0.127738567E+01   0.138599838E+01   0.173950146E+04   0.000000000E+00  -0.135808013E+02   0.000000000E+00  -0.314208841E+03   0.000000000E+00   0.115409447E+03   0.000000000E+00  -0.168730378E+03   0.000000000E+00   0.271799815E+03   0.000000000E+00  -0.829534752E+02
   0.144372030E+01   0.138599838E+01   0.150384613E+01   0.174512632E+04   0.000000000E+00  -0.419661398E+02   0.000000000E+00  -0.204770865E+03   0.000000000E+00   0.184566304E+03   0.000000000E+00  -0.211074333E+03   0.000000000E+00   0.121274657E+03   0.000000000E+00  -0.176294684E+03
   0.156647599E+01   0.150384613E+01   0.163171416E+01   0.176644907E+04   0.000000000E+00   0.209150074E+03   0.000000000E+00   0.372011550E+03   0.000000000E+00   0.665532590E+02   0.000000000E+00   0.468039195E+02   0.000000000E+00  -0.162937768E+03   0.000000000E+00   0.363942766E+03
   0.169966927E+01   0.163171416E+01   0.177045447E+01   0.169220925E+04   0.000000000E+00  -0.441817094E+02   0.000000000E+00  -0.181172299E+03   0.000000000E+00   0.181416546E+03   0.000000000E+00   0.897878884E+02   0.000000000E+00   0.604767654E+03   0.000000000E+00  -0.414215409E+03
   0.184418762E+01   0.177045447E+01   0.192099150E+01   0.164185757E+04   0.000000000E+00   0.310182060E+03   0.000000000E+00  -0.170670326E+02   0.000000000E+00  -0.120791498E+03   0.000000000E+00   0.863290982E+02   0.000000000E+00   0.303957032E+03   0.000000000E+00   0.276980810E+03
   0.200099399E+01   0.192099150E+01   0.208432829E+01   0.164774047E+04   0.000000000E+00   0.167714874E+02   0.000000000E+00   0.149753868E+03   0.000000000E+00   0.181217958E+03   0.000000000E+00   0.323815247E+02   0.000000000E+00   0.170846271E+01   0.000000000E+00   0.137106480E+03
   0.217113318E+01   0.208432829E+01   0.226155318E+01   0.165832200E+04   0.000000000E+00  -0.191397564E+02   0.000000000E+00   0.253033279E+02   0.000000000E+00  -0.290661017E+02   0.000000000E+00  -0.147632624E+03   0.000000000E+00  -0.685251497E+02   0.000000000E+00  -0.242139989E+03
   0.235573885E+01   0.226155318E+01   0.245384702E+01   0.161834611E+04   0.000000000E+00   0.146019129E+01   0.000000000E+00  -0.137842281E+03   0.000000000E+00  -0.457047838E+02   0.000000000E+00   0.164055609E+03   0.000000000E+00   0.880549871E+02   0.000000000E+00  -0.162513898E+03
   0.255604105E+01   0.245384702E+01   0.266249110E+01   0.167710252E+04   0.000000000E+00   0.128891280E+03   0.000000000E+00   0.185248894E+03   0.000000000E+00   0.135864816E+02   0.000000000E+00   0.269665980E+03   0.000000000E+00  -0.466493482E+02   0.000000000E+00  -0.174995738E+02
   0.277337442E+01   0.266249110E+01   0.288887563E+01   0.165914919E+04   0.000000000E+00   0.184996171E+03   0.000000000E+00   0.131033067E+03   0.000000000E+00  -0.871502191E+02   0.000000000E+00   0.679618562E+02   0.000000000E+00  -0.197233060E+03   0.000000000E+00  -0.686575397E+02
   0.300918706E+01   0.288887563E+01   0.313450904E+01   0.163723147E+04   0.000000000E+00   0.102263726E+03   0.000000000E+00   0.632421636E+02   0.000000000E+00   0.293504162E+02   0.000000000E+00   0.126127545E+03   0.000000000E+00  -0.111922867E+03   0.000000000E+00  -0.190365466E+02
   0.326505023E+01   0.313450904E+01   0.340102799E+01   0.163581313E+04   0.000000000E+00   0.134132018E+03   0.000000000E+00   0.199726712E+03   0.000000000E+00  -0.687508030E+01   0.000000000E+00   0.112796729E+03   0.000000000E+00   0.136848305E+03   0.000000000E+00  -0.101380856E+03
   0.354266875E+01   0.340102799E+01   0.369020835E+01   0.162615610E+04   0.000000000E+00   0.127732753E+03   0.000000000E+00   0.101972825E+03   0.000000000E+00  -0.211101651E+02   0.000000000E+00   0.196482260E+03   0.000000000E+00   0.224516350E+02   0.000000000E+00   0.112119514E+03
   0.384389245E+01   0.369020835E+01   0.400397694E+01   0.159858933E+04   0.000000000E+00   0.310297940E+02   0.000000000E+00   0.119317045E+03   0.000000000E+00   0.521929557E+02   0.000000000E+00   0.244494034E+03   0.000000000E+00  -0.594882647E+02   0.000000000E+00   0.121871510E+03
   0.417072839E+01   0.400397694E+01   0.434442444E+01   0.163043713E+04   0.000000000E+00   0.754984985E+02   0.000000000E+00   0.195231233E+02   0.000000000E+00  -0.594159982E+02   0.000000000E+00  -0.431103226E+02   0.000000000E+00   0.572075635E+02   0.000000000E+00   0.385840053E+02
   0.452535432E+01   0.434442444E+01   0.471381928E+01   0.161158236E+04   0.000000000E+00   0.522961255E+02   0.000000000E+00   0.136004688E+03   0.000000000E+00   0.135349096E+03   0.000000000E+00   0.952580286E+02   0.000000000E+00   0.990441568E+02   0.000000000E+00  -0.768838390E+02
   0.491013314E+01   0.471381928E+01   0.511462278E+01   0.158749937E+04   0.000000000E+00   0.118288274E+02   0.000000000E+00   0.590954159E+02   0.000000000E+00  -0.410025779E+02   0.000000000E+00   0.123905788E+01   0.000000000E+00   0.597459408E+02   0.000000000E+00   0.987907366E+02
   0.532762869E+01   0.511462278E+01   0.554950554E+01   0.158504665E+04   0.000000000E+00   0.291880837E+02   0.000000000E+00   0.389296308E+02   0.000000000E+00   0.101651445E+03   0.000000000E+00   0.533240675E+02   0.000000000E+00   0.584229672E+02   0.000000000E+00   0.171603037E+02
   0.578062277E+01   0.554950554E+01   0.602136522E+01   0.158187926E+04   0.000000000E+00   0.120124757E+02   0.000000000E+00   0.858547311E+02   0.000000000E+00   0.764138791E+02   0.000000000E+00   0.172446964E+02   0.000000000E+00   0.864874840E+02   0.000000000E+00  -0.709226034E+01
   0.627213374E+01   0.602136522E+01   0.653334587E+01   0.157713728E+04   0.000000000E+00  -0.188562817E+02   0.000000000E+00   0.764398360E+02   0.000000000E+00   0.541184762E+02   0.000000000E+00   0.816871511E+01   0.000000000E+00   0.512163801E+02   0.000000000E+00   0.104363960E+03
   0.680543657E+01   0.653334587E+01   0.708885888E+01   0.159161506E+04   0.000000000E+00   0.379285337E+02   0.000000000E+00   0.312411402E+02   0.000000000E+00   0.783555520E+02   0.000000000E+00   0.467282484E+02   0.000000000E+00  -0.239066057E+02   0.000000000E+00   0.192524865E+02
   0.738408472E+01   0.708885888E+01   0.769160567E+01   0.158754219E+04   0.000000000E+00   0.232229859E+02   0.000000000E+00  -0.108558620E+02   0.000000000E+00   0.720088745E+02   0.000000000E+00   0.502930057E+02   0.000000000E+00   0.794867048E+00   0.000000000E+00   0.102722835E+02
   0.801193378E+01   0.769160567E+01   0.834560242E+01   0.157422645E+04   0.000000000E+00   0.533770242E+02   0.000000000E+00   0.152746377E+02   0.000000000E+00   0.531666352E+02   0.000000000E+00   0.414698807E+02   0.000000000E+00  -0.458670955E+01   0.000000000E+00   0.172644915E+01
   0.869316718E+01   0.834560242E+01   0.905520678E+01   0.158092404E+04   0.000000000E+00   0.266446423E+02   0.000000000E+00   0.222979243E+02   0.000000000E+00   0.217444720E+02   0.000000000E+00  -0.259869313E+02   0.000000000E+00   0.322771908E+02   0.000000000E+00   0.212904572E+02
   0.943232404E+01   0.905520678E+01   0.982514690E+01   0.157733119E+04   0.000000000E+00   0.295890366E+02   0.000000000E+00   0.450313204E+02   0.000000000E+00   0.358420053E+02   0.000000000E+00   0.312229191E+02   0.000000000E+00   0.279418288E+02   0.000000000E+00   0.914618189E+01
   0.102343294E+02   0.982514690E+01   0.106605530E+02   0.157527625E+04   0.000000000E+00   0.327323433E+02   0.000000000E+00   0.241094090E+02   0.000000000E+00   0.405898185E+02   0.000000000E+00   0.224432883E+02   0.000000000E+00   0.237356646E+02   0.000000000E+00   0.533736989E+02
   0.111045272E+02   0.106605530E+02   0.115669914E+02   0.156236371E+04   0.000000000E+00   0.258906884E+02   0.000000000E+00   0.120449612E+02   0.000000000E+00   0.101185066E+02   0.000000000E+00   0.262941840E+02   0.000000000E+00   0.325531338E+02   0.000000000E+00   0.475954090E+02
   0.120487156E+02   0.115669914E+02   0.125505019E+02   0.156724247E+04   0.000000000E+00   0.234558868E+02   0.000000000E+00   0.142027022E+02   0.000000000E+00   0.157435347E+02   0.000000000E+00   0.241085836E+02   0.000000000E+00   0.120119623E+02   0.000000000E+00   0.419789140E+02
   0.130731858E+02   0.125505019E+02   0.136176377E+02   0.156227765E+04   0.000000000E+00   0.441529250E+02   0.000000000E+00   0.171370203E+02   0.000000000E+00   0.128423098E+02   0.000000000E+00   0.204934172E+02   0.000000000E+00   0.129602635E+02   0.000000000E+00   0.182615247E+02
   0.141847640E+02   0.136176377E+02   0.147755091E+02   0.155622901E+04   0.000000000E+00   0.285047388E+02   0.000000000E+00   0.186426065E+02   0.000000000E+00   0.220893447E+02   0.000000000E+00   0.163207048E+02   0.000000000E+00   0.242004701E+01   0.000000000E+00   0.163465350E+02
   0.153908567E+02   0.147755091E+02   0.160318313E+02   0.155166003E+04   0.000000000E+00   0.357923462E+02   0.000000000E+00   0.921795609E+01   0.000000000E+00   0.246427970E+00   0.000000000E+00   0.203489512E+02   0.000000000E+00   0.125854450E+01   0.000000000E+00   0.298266277E+02
   0.166995003E+02   0.160318313E+02   0.173949753E+02   0.154785414E+04   0.000000000E+00   0.292887559E+02   0.000000000E+00   0.189500403E+02   0.000000000E+00   0.278745899E+01   0.000000000E+00   0.170700184E+02   0.000000000E+00  -0.269803136E+01   0.000000000E+00  -0.158167563E+01
   0.181194143E+02   0.173949753E+02   0.188740237E+02   0.154243119E+04   0.000000000E+00   0.350211888E+02   0.000000000E+00   0.177892812E+02   0.000000000E+00   0.580434207E+01   0.000000000E+00   0.245509912E+02   0.000000000E+00   0.150295284E+02   0.000000000E+00   0.129601451E+02
   0.196600599E+02   0.188740237E+02   0.204788317E+02   0.153760050E+04   0.000000000E+00   0.329023039E+02   0.000000000E+00   0.157478874E+02   0.000000000E+00   0.184923889E+02   0.000000000E+00   0.165917644E+02   0.000000000E+00   0.119390802E+02   0.000000000E+00  -0.233381567E+01
   0.213317024E+02   0.204788317E+02   0.222200922E+02   0.153550756E+04   0.000000000E+00   0.375407331E+02   0.000000000E+00   0.184629109E+02   0.000000000E+00   0.127526132E+02   0.000000000E+00   0.374019985E+01   0.000000000E+00   0.145719231E+02   0.000000000E+00   0.635730476E+01
   0.231454803E+02   0.222200922E+02   0.241094075E+02   0.152826107E+04   0.000000000E+00   0.380484911E+02   0.000000000E+00   0.187289506E+02   0.000000000E+00   0.868575404E+01   0.000000000E+00   0.266540846E+01   0.000000000E+00   0.772675432E+01   0.000000000E+00   0.186680723E+02
   0.251134788E+02   0.241094075E+02   0.261593662E+02   0.152330817E+04   0.000000000E+00   0.402548981E+02   0.000000000E+00   0.162483606E+02   0.000000000E+00   0.136160440E+02   0.000000000E+00   0.537704089E+01   0.000000000E+00   0.381472927E+01   0.000000000E+00   0.138183263E+02
   0.272488111E+02   0.261593662E+02   0.283836275E+02   0.151692123E+04   0.000000000E+00   0.393450397E+02   0.000000000E+00   0.165583823E+02   0.000000000E+00   0.564454234E+01   0.000000000E+00   0.100584906E+02   0.000000000E+00   0.250380416E+01   0.000000000E+00   0.168033862E+02
   0.295657049E+02   0.283836275E+02   0.307970117E+02   0.150957457E+04   0.000000000E+00   0.420779453E+02   0.000000000E+00   0.196605449E+02   0.000000000E+00   0.939053583E+01   0.000000000E+00   0.988227498E+01   0.000000000E+00   0.612923713E+01   0.000000000E+00  -0.168519407E+01
   0.320795981E+02   0.307970117E+02   0.334155997E+02   0.150210355E+04   0.000000000E+00   0.459637881E+02   0.000000000E+00   0.195335985E+02   0.000000000E+00   0.101920805E+02   0.000000000E+00   0.115391706E+02   0.000000000E+00   0.446082014E+01   0.000000000E+00  -0.129110390E+01
   0.348072409E+02   0.334155997E+02   0.362568391E+02   0.149636970E+04   0.000000000E+00   0.467308997E+02   0.000000000E+00   0.225359365E+02   0.000000000E+00   0.122799195E+02   0.000000000E+00   0.737982945E+01   0.000000000E+00   0.660766462E+01   0.000000000E+00   0.878116150E+01
   0.377668079E+02   0.362568391E+02   0.393396616E+02   0.148693377E+04   0.000000000E+00   0.517132211E+02   0.000000000E+00   0.186663126E+02   0.000000000E+00   0.113988280E+02   0.000000000E+00   0.121266563E+02   0.000000000E+00   0.889714191E+01   0.000000000E+00   0.937078831E+01
   0.409780191E+02   0.393396616E+02   0.426846083E+02   0.147830986E+04   0.000000000E+00   0.550434176E+02   0.000000000E+00   0.198290494E+02   0.000000000E+00   0.124048506E+02   0.000000000E+00   0.109369185E+02   0.000000000E+00   0.777485142E+01   0.000000000E+00   0.616775307E+01
   0.444622709E+02   0.426846083E+02   0.463139669E+02   0.146802192E+04   0.000000000E+00   0.573210212E+02   0.000000000E+00   0.212414536E+02   0.000000000E+00   0.911704898E+01   0.000000000E+00   0.872107047E+01   0.000000000E+00   0.440879683E+01   0.000000000E+00   0.554076218E+01
   0.482427794E+02   0.463139669E+02   0.502519202E+02   0.145814454E+04   0.000000000E+00   0.598838859E+02   0.000000000E+00   0.230834898E+02   0.000000000E+00   0.939081129E+01   0.000000000E+00   0.104745515E+02   0.000000000E+00   0.579793070E+01   0.000000000E+00   0.435065950E+01
   0.523447345E+02   0.502519202E+02   0.545247072E+02   0.144738355E+04   0.000000000E+00   0.644906218E+02   0.000000000E+00   0.263236384E+02   0.000000000E+00   0.823289276E+01   0.000000000E+00   0.623991359E+01   0.000000000E+00   0.428442491E+01   0.000000000E+00   0.622142476E+01
   0.567954679E+02   0.545247072E+02   0.591607978E+02   0.143522120E+04   0.000000000E+00   0.673568659E+02   0.000000000E+00   0.263103819E+02   0.000000000E+00   0.105647026E+02   0.000000000E+00   0.920180366E+01   0.000000000E+00   0.695309563E+01   0.000000000E+00   0.613406550E+01
   0.616246353E+02   0.591607978E+02   0.641910830E+02   0.142221369E+04   0.000000000E+00   0.708748853E+02   0.000000000E+00   0.267353336E+02   0.000000000E+00   0.975016949E+01   0.000000000E+00   0.865728675E+01   0.000000000E+00   0.623127145E+01   0.000000000E+00   0.805433649E+01
   0.668644140E+02   0.641910830E+02   0.696490798E+02   0.140832936E+04   0.000000000E+00   0.753836070E+02   0.000000000E+00   0.291347752E+02   0.000000000E+00   0.104704899E+02   0.000000000E+00   0.909031432E+01   0.000000000E+00   0.684107504E+01   0.000000000E+00   0.611205921E+01
   0.725497171E+02   0.696490798E+02   0.755711556E+02   0.139335710E+04   0.000000000E+00   0.772019799E+02   0.000000000E+00   0.301489120E+02   0.000000000E+00   0.101253060E+02   0.000000000E+00   0.111492749E+02   0.000000000E+00   0.556002977E+01   0.000000000E+00   0.486221422E+01
   0.787184264E+02   0.755711556E+02   0.819967698E+02   0.137774013E+04   0.000000000E+00   0.799231415E+02   0.000000000E+00   0.323564400E+02   0.000000000E+00   0.112937035E+02   0.000000000E+00   0.108915088E+02   0.000000000E+00   0.559944698E+01   0.000000000E+00   0.625611691E+01
   0.854116446E+02   0.819967698E+02   0.889687368E+02   0.136026971E+04   0.000000000E+00   0.822296613E+02   0.000000000E+00   0.350082312E+02   0.000000000E+00   0.118916270E+02   0.000000000E+00   0.117441113E+02   0.000000000E+00   0.519706598E+01   0.000000000E+00   0.529623621E+01
   0.926739693E+02   0.889687368E+02   0.965335116E+02   0.134202446E+04   0.000000000E+00   0.845134901E+02   0.000000000E+00   0.366755775E+02   0.000000000E+00   0.144057554E+02   0.000000000E+00   0.123953082E+02   0.000000000E+00   0.544563324E+01   0.000000000E+00   0.607363332E+01
   0.100553790E+03   0.965335116E+02   0.104741499E+03   0.132195386E+04   0.000000000E+00   0.865507030E+02   0.000000000E+00   0.407115575E+02   0.000000000E+00   0.162444625E+02   0.000000000E+00   0.118968357E+02   0.000000000E+00   0.503209048E+01   0.000000000E+00   0.674645954E+01
   0.109103611E+03   0.104741499E+03   0.113647390E+03   0.130085069E+04   0.000000000E+00   0.881736076E+02   0.000000000E+00   0.426305368E+02   0.000000000E+00   0.175889409E+02   0.000000000E+00   0.119055678E+02   0.000000000E+00   0.544452010E+01   0.000000000E+00   0.673562795E+01
   0.118380401E+03   0.113647390E+03   0.123310525E+03   0.127797328E+04   0.000000000E+00   0.889052088E+02   0.000000000E+00   0.446682044E+02   0.000000000E+00   0.182588823E+02   0.000000000E+00   0.126600088E+02   0.000000000E+00   0.562114439E+01   0.000000000E+00   0.681630106E+01
   0.128445971E+03   0.123310525E+03   0.133795290E+03   0.125323764E+04   0.000000000E+00   0.899567447E+02   0.000000000E+00   0.460271888E+02   0.000000000E+00   0.194485539E+02   0.000000000E+00   0.136932327E+02   0.000000000E+00   0.735072200E+01   0.000000000E+00   0.686461069E+01
   0.139367390E+03   0.133795290E+03   0.145171548E+03   0.122655086E+04   0.000000000E+00   0.899314277E+02   0.000000000E+00   0.474185958E+02   0.000000000E+00   0.203317819E+02   0.000000000E+00   0.152754106E+02   0.000000000E+00   0.736113650E+01   0.000000000E+00   0.694611580E+01
   0.151217428E+03   0.145171548E+03   0.157515098E+03   0.119773833E+04   0.000000000E+00   0.890936510E+02   0.000000000E+00   0.493623461E+02   0.000000000E+00   0.213301336E+02   0.000000000E+00   0.161336561E+02   0.000000000E+00   0.819284414E+01   0.000000000E+00   0.737123056E+01
   0.164075043E+03   0.157515098E+03   0.170908187E+03   0.116648776E+04   0.000000000E+00   0.880161639E+02   0.000000000E+00   0.510362175E+02   0.000000000E+00   0.221663846E+02   0.000000000E+00   0.173810616E+02   0.000000000E+00   0.896549895E+01   0.000000000E+00   0.783697766E+01
   0.178025907E+03   0.170908187E+03   0.185440055E+03   0.113244944E+04   0.000000000E+00   0.858144114E+02   0.000000000E+00   0.513110175E+02   0.000000000E+00   0.225446117E+02   0.000000000E+00   0.181361915E+02   0.000000000E+00   0.948192817E+01   0.000000000E+00   0.848242791E+01
   0.193162976E+03   0.185440055E+03   0.201207530E+03   0.109574918E+04   0.000000000E+00   0.822679448E+02   0.000000000E+00   0.521250009E+02   0.000000000E+00   0.229313094E+02   0.000000000E+00   0.187234931E+02   0.000000000E+00   0.954317726E+01   0.000000000E+00   0.950568671E+01
   0.209587110E+03   0.201207530E+03   0.218315670E+03   0.105610554E+04   0.000000000E+00   0.775863953E+02   0.000000000E+00   0.530924461E+02   0.000000000E+00   0.231953304E+02   0.000000000E+00   0.194764662E+02   0.000000000E+00   0.103261620E+02   0.000000000E+00   0.935430111E+01
   0.227407744E+03   0.218315670E+03   0.236878470E+03   0.101326026E+04   0.000000000E+00   0.713371976E+02   0.000000000E+00   0.532492327E+02   0.000000000E+00   0.231140195E+02   0.000000000E+00   0.194504602E+02   0.000000000E+00   0.105339672E+02   0.000000000E+00   0.999027795E+01
   0.246743619E+03   0.236878470E+03   0.257019616E+03   0.967143852E+03   0.000000000E+00   0.632405021E+02   0.000000000E+00   0.528443378E+02   0.000000000E+00   0.230110444E+02   0.000000000E+00   0.200928533E+02   0.000000000E+00   0.109685699E+02   0.000000000E+00   0.104952375E+02
   0.267723572E+03   0.257019616E+03   0.278873309E+03   0.917576585E+03   0.000000000E+00   0.539624608E+02   0.000000000E+00   0.523132477E+02   0.000000000E+00   0.238725126E+02   0.000000000E+00   0.199478888E+02   0.000000000E+00   0.110581706E+02   0.000000000E+00   0.102882295E+02
   0.290487394E+03   0.278873309E+03   0.302585164E+03   0.864247383E+03   0.000000000E+00   0.436992800E+02   0.000000000E+00   0.507961892E+02   0.000000000E+00   0.241051478E+02   0.000000000E+00   0.195611896E+02   0.000000000E+00   0.102347827E+02   0.000000000E+00   0.102985367E+02
   0.315186764E+03   0.302585164E+03   0.328313175E+03   0.807202872E+03   0.000000000E+00   0.321147612E+02   0.000000000E+00   0.484966123E+02   0.000000000E+00   0.233999883E+02   0.000000000E+00   0.194482065E+02   0.000000000E+00   0.928105600E+01   0.000000000E+00   0.106892786E+02
   0.341986255E+03   0.328313175E+03   0.356228770E+03   0.746934140E+03   0.000000000E+00   0.184917559E+02   0.000000000E+00   0.463880274E+02   0.000000000E+00   0.215321008E+02   0.000000000E+00   0.192980804E+02   0.000000000E+00   0.905200408E+01   0.000000000E+00   0.103108153E+02
   0.371064436E+03   0.356228770E+03   0.386517954E+03   0.684033292E+03   0.000000000E+00   0.249126868E+01   0.000000000E+00   0.447068781E+02   0.000000000E+00   0.190264841E+02   0.000000000E+00   0.188341049E+02   0.000000000E+00   0.945412956E+01   0.000000000E+00   0.962839448E+01
   0.402615057E+03   0.386517954E+03   0.419382547E+03   0.619141025E+03   0.000000000E+00  -0.152956046E+02   0.000000000E+00   0.430843420E+02   0.000000000E+00   0.166609855E+02   0.000000000E+00   0.171590879E+02   0.000000000E+00   0.948504864E+01   0.000000000E+00   0.892478070E+01
   0.436848343E+03   0.419382547E+03   0.455041528E+03   0.552612672E+03   0.000000000E+00  -0.341371922E+02   0.000000000E+00   0.403882591E+02   0.000000000E+00   0.146674128E+02   0.000000000E+00   0.142437008E+02   0.000000000E+00   0.848931658E+01   0.000000000E+00   0.868853056E+01
   0.473992395E+03   0.455041528E+03   0.493732498E+03   0.484851090E+03   0.000000000E+00  -0.519639459E+02   0.000000000E+00   0.356473264E+02   0.000000000E+00   0.135242647E+02   0.000000000E+00   0.114099017E+02   0.000000000E+00   0.738479774E+01   0.000000000E+00   0.848347794E+01
   0.514294706E+03   0.493732498E+03   0.535713257E+03   0.416149208E+03   0.000000000E+00  -0.664703026E+02   0.000000000E+00   0.279564384E+02   0.000000000E+00   0.131480752E+02   0.000000000E+00   0.864782773E+01   0.000000000E+00   0.543721413E+01   0.000000000E+00   0.731507890E+01
   0.558023816E+03   0.535713257E+03   0.581263529E+03   0.347190591E+03   0.000000000E+00  -0.756652581E+02   0.000000000E+00   0.177238376E+02   0.000000000E+00   0.130032306E+02   0.000000000E+00   0.695583558E+01   0.000000000E+00   0.324894960E+01   0.000000000E+00   0.605372351E+01
   0.605471095E+03   0.581263529E+03   0.630686820E+03   0.279339175E+03   0.000000000E+00  -0.785883160E+02   0.000000000E+00   0.676436365E+01   0.000000000E+00   0.116213065E+02   0.000000000E+00   0.658356736E+01   0.000000000E+00   0.812458159E+00   0.000000000E+00   0.437309256E+01
   0.656952690E+03   0.630686820E+03   0.684312441E+03   0.215408316E+03   0.000000000E+00  -0.772339206E+02   0.000000000E+00  -0.115017403E+01   0.000000000E+00   0.784698032E+01   0.000000000E+00   0.744609116E+01   0.000000000E+00  -0.576319718E+00   0.000000000E+00   0.253532175E+01
   0.712811628E+03   0.684312441E+03   0.742497706E+03   0.158614562E+03   0.000000000E+00  -0.735268154E+02   0.000000000E+00  -0.342882431E+01   0.000000000E+00   0.301660415E+01   0.000000000E+00   0.774046969E+01   0.000000000E+00  -0.604124127E+00   0.000000000E+00   0.720223588E+00
   0.773420103E+03   0.742497706E+03   0.805630308E+03   0.111371573E+03   0.000000000E+00  -0.681309695E+02   0.000000000E+00  -0.819186327E+00   0.000000000E+00  -0.319323139E+00   0.000000000E+00   0.615815919E+01   0.000000000E+00   0.354648939E+00   0.000000000E+00   0.722169774E-01
   0.839181955E+03   0.805630308E+03   0.874130909E+03   0.744207314E+02   0.000000000E+00  -0.599248226E+02   0.000000000E+00   0.335010301E+01   0.000000000E+00  -0.520278087E+00   0.000000000E+00   0.300117912E+01   0.000000000E+00   0.636745483E+00   0.000000000E+00   0.153428535E+00
   0.910535362E+03   0.874130909E+03   0.948455932E+03   0.467660746E+02   0.000000000E+00  -0.484999731E+02   0.000000000E+00   0.514879461E+01   0.000000000E+00   0.332152182E+00   0.000000000E+00  -0.253567215E+00   0.000000000E+00  -0.523889481E+00   0.000000000E+00   0.675676322E+00
   0.987955760E+03   0.948455932E+03   0.102910061E+04   0.271144896E+02   0.000000000E+00  -0.344124419E+02   0.000000000E+00   0.527232410E+01   0.000000000E+00   0.176750270E+01   0.000000000E+00  -0.551199189E+00   0.000000000E+00  -0.132330057E+00   0.000000000E+00   0.145957841E+01
   0.107195901E+04   0.102910061E+04   0.111660230E+04   0.141578007E+02   0.000000000E+00  -0.204267989E+02   0.000000000E+00   0.475035578E+01   0.000000000E+00   0.221387786E+01   0.000000000E+00  -0.329226975E+00   0.000000000E+00  -0.388654839E+00   0.000000000E+00   0.494132805E+00
   0.116310483E+04   0.111660230E+04   0.121154402E+04   0.632071952E+01   0.000000000E+00  -0.992690335E+01   0.000000000E+00   0.321646305E+01   0.000000000E+00   0.114817071E+01   0.000000000E+00  -0.491002918E+00   0.000000000E+00  -0.471671549E+00   0.000000000E+00   0.212591393E+00
   0.126200053E+04   0.121154402E+04   0.131455838E+04   0.221803153E+01   0.000000000E+00  -0.369918615E+01   0.000000000E+00   0.148496926E+01   0.000000000E+00   0.419774629E+00   0.000000000E+00  -0.443386499E+00   0.000000000E+00  -0.157383824E+00   0.000000000E+00   0.236449481E+00
   0.136930508E+04   0.131455838E+04   0.142633178E+04   0.479687885E+00   0.000000000E+00  -0.824811833E+00   0.000000000E+00   0.371759694E+00   0.000000000E+00   0.566080970E-01   0.000000000E+00  -0.523722952E-01   0.000000000E+00  -0.151310850E+00   0.000000000E+00   0.196719521E+00
   0.148573344E+04   0.142633178E+04   0.154760898E+04   0.269186345E-01   0.000000000E+00  -0.488341321E-01   0.000000000E+00   0.308860145E-01   0.000000000E+00  -0.172528782E-01   0.000000000E+00   0.258777837E-01   0.000000000E+00  -0.377021638E-01   0.000000000E+00   0.309658474E-01
   0.161206140E+04   0.154760898E+04   0.167919805E+04   0.358026004E-04   0.000000000E+00  -0.879655714E-04   0.000000000E+00   0.116021850E-03   0.000000000E+00  -0.138106369E-03   0.000000000E+00   0.156892887E-03   0.000000000E+00  -0.169941887E-03   0.000000000E+00   0.176391781E-03
   0.174913069E+04   0.167919805E+04   0.182197579E+04   0.000000000E+00   0.000000000E+00   0.000000000E+00   0.000000000E+00   0.000000000E+00   0.000000000E+00   0.000000000E+00   0.000000000E+00   0.000000000E+00   0.000000000E+00   0.000000000E+00   0.000000000E+00   0.000000000E+00
   0.189785462E+04   0.182197579E+04   0.197689354E+04   0.000000000E+00   0.000000000E+00   0.000000000E+00   0.000000000E+00   0.000000000E+00   0.000000000E+00   0.000000000E+00   0.000000000E+00   0.000000000E+00   0.000000000E+00   0.000000000E+00   0.000000000E+00   0.000000000E+00
   0.205922414E+04   0.197689354E+04   0.214498353E+04   0.000000000E+00   0.000000000E+00   0.000000000E+00   0.000000000E+00   0.000000000E+00   0.000000000E+00   0.000000000E+00   0.000000000E+00   0.000000000E+00   0.000000000E+00   0.000000000E+00   0.000000000E+00   0.000000000E+00
   0.223431449E+04   0.214498353E+04   0.232736577E+04   0.000000000E+00   0.000000000E+00   0.000000000E+00   0.000000000E+00   0.000000000E+00   0.000000000E+00   0.000000000E+00   0.000000000E+00   0.000000000E+00   0.000000000E+00   0.000000000E+00   0.000000000E+00   0.000000000E+00
   0.242429230E+04   0.232736577E+04   0.252525548E+04   0.000000000E+00   0.000000000E+00   0.000000000E+00   0.000000000E+00   0.000000000E+00   0.000000000E+00   0.000000000E+00   0.000000000E+00   0.000000000E+00   0.000000000E+00   0.000000000E+00   0.000000000E+00   0.000000000E+00
   0.263042342E+04   0.252525548E+04   0.273997123E+04   0.000000000E+00   0.000000000E+00   0.000000000E+00   0.000000000E+00   0.000000000E+00   0.000000000E+00   0.000000000E+00   0.000000000E+00   0.000000000E+00   0.000000000E+00   0.000000000E+00   0.000000000E+00   0.000000000E+00
   0.285408132E+04   0.273997123E+04   0.297294369E+04   0.000000000E+00   0.000000000E+00   0.000000000E+00   0.000000000E+00   0.000000000E+00   0.000000000E+00   0.000000000E+00   0.000000000E+00   0.000000000E+00   0.000000000E+00   0.000000000E+00   0.000000000E+00   0.000000000E+00
   0.309675626E+04   0.297294369E+04   0.322572518E+04   0.000000000E+00   0.000000000E+00   0.000000000E+00   0.000000000E+00   0.000000000E+00   0.000000000E+00   0.000000000E+00   0.000000000E+00   0.000000000E+00   0.000000000E+00   0.000000000E+00   0.000000000E+00   0.000000000E+00
   0.336006520E+04   0.322572518E+04   0.350000000E+04   0.000000000E+00   0.000000000E+00   0.000000000E+00   0.000000000E+00   0.000000000E+00   0.000000000E+00   0.000000000E+00   0.000000000E+00   0.000000000E+00   0.000000000E+00   0.000000000E+00   0.000000000E+00   0.000000000E+00
