   0.104164646E+01   0.100000000E+01   0.108502734E+01   0.305497209E+05   0.000000000E+00  -0.448394301E+03   0.000000000E+00   0.948610929E+03   0.000000000E+00   0.138082178E+04   0.000000000E+00   0.214476430E+04   0.000000000E+00   0.977604494E+03   0.000000000E+00   0.158076039E+03
   0.113021488E+01   0.108502734E+01   0.117728432E+01   0.302261662E+05   0.000000000E+00   0.523767034E+03   0.000000000E+00   0.198044643E+04   0.000000000E+00   0.826113037E+03   0.000000000E+00   0.370494592E+04   0.000000000E+00  -0.114449552E+03   0.000000000E+00   0.123942485E+04
   0.122631404E+01   0.117728432E+01   0.127738567E+01   0.313324183E+05   0.000000000E+00  -0.422971623E+03   0.000000000E+00  -0.384372688E+03   0.000000000E+00   0.180416108E+04   0.000000000E+00  -0.149019977E+04   0.000000000E+00   0.205528002E+04   0.000000000E+00   0.593064445E+03
   0.133058426E+01   0.127738567E+01   0.138599838E+01   0.306132456E+05   0.000000000E+00   0.411661903E+02   0.000000000E+00  -0.624337528E+03   0.000000000E+00  -0.609167208E+02   0.000000000E+00  -0.117218212E+04   0.000000000E+00   0.126251598E+04   0.000000000E+00   0.101166960E+03
   0.144372030E+01   0.138599838E+01   0.150384613E+01   0.308950061E+05   0.000000000E+00  -0.113669865E+04   0.000000000E+00   0.102679499E+04   0.000000000E+00   0.756480111E+03   0.000000000E+00   0.919353642E+03   0.000000000E+00  -0.169770057E+04   0.000000000E+00  -0.101973383E+04
   0.156647599E+01   0.150384613E+01   0.163171416E+01   0.306208153E+05   0.000000000E+00  -0.660282283E+03   0.000000000E+00  -0.997262953E+03   0.000000000E+00  -0.134273782E+04   0.000000000E+00   0.414427424E+03   0.000000000E+00   0.104970835E+04   0.000000000E+00  -0.103135131E+04
   0.169966927E+01   0.163171416E+01   0.177045447E+01   0.307309637E+05   0.000000000E+00   0.664325737E+03   0.000000000E+00  -0.422092336E+03   0.000000000E+00   0.213346072E+03   0.000000000E+00   0.968380593E+03   0.000000000E+00   0.420154461E+03   0.000000000E+00  -0.664403374E+03
   0.184418762E+01   0.177045447E+01   0.192099150E+01   0.309152766E+05   0.000000000E+00  -0.136164800E+03   0.000000000E+00   0.334746305E+03   0.000000000E+00   0.857836628E+03   0.000000000E+00  -0.172916135E+04   0.000000000E+00  -0.858141853E+03   0.000000000E+00   0.930380267E+02
   0.200099399E+01   0.192099150E+01   0.208432829E+01   0.304947190E+05   0.000000000E+00   0.182452120E+03   0.000000000E+00   0.649979534E+03   0.000000000E+00   0.663628263E+03   0.000000000E+00   0.183832067E+03   0.000000000E+00  -0.461107513E+03   0.000000000E+00  -0.433945576E+03
   0.217113318E+01   0.208432829E+01   0.226155318E+01   0.307500863E+05   0.000000000E+00  -0.613027643E+02   0.000000000E+00   0.979723134E+03   0.000000000E+00   0.139044846E+03   0.000000000E+00  -0.111817015E+04   0.000000000E+00  -0.344259490E+03   0.000000000E+00   0.588799996E+03
   0.235573885E+01   0.226155318E+01   0.245384702E+01   0.308531929E+05   0.000000000E+00   0.434527000E+03   0.000000000E+00  -0.463321544E+02   0.000000000E+00   0.150484831E+03   0.000000000E+00  -0.423197827E+02   0.000000000E+00   0.308025245E+03   0.000000000E+00  -0.102384697E+04
   0.255604105E+01   0.245384702E+01   0.266249110E+01   0.307966895E+05   0.000000000E+00   0.284923890E+03   0.000000000E+00  -0.171216038E+02   0.000000000E+00   0.556220140E+03   0.000000000E+00   0.326223511E+03   0.000000000E+00  -0.363316323E+03   0.000000000E+00   0.134361641E+04
   0.277337442E+01   0.266249110E+01   0.288887563E+01   0.308397802E+05   0.000000000E+00   0.928400546E+02   0.000000000E+00   0.651423124E+03   0.000000000E+00  -0.256791110E+03   0.000000000E+00  -0.596602892E+02   0.000000000E+00   0.261827497E+03   0.000000000E+00  -0.155436390E+03
   0.300918706E+01   0.288887563E+01   0.313450904E+01   0.307933285E+05   0.000000000E+00   0.646628971E+03   0.000000000E+00   0.133693089E+03   0.000000000E+00   0.124584473E+03   0.000000000E+00   0.279807270E+03   0.000000000E+00  -0.479977338E+03   0.000000000E+00   0.191526027E+03
   0.326505023E+01   0.313450904E+01   0.340102799E+01   0.307057233E+05   0.000000000E+00  -0.949566305E+02   0.000000000E+00   0.236054052E+03   0.000000000E+00  -0.218457583E+03   0.000000000E+00   0.274010553E+03   0.000000000E+00  -0.389075080E+03   0.000000000E+00  -0.593398641E+01
   0.354266875E+01   0.340102799E+01   0.369020835E+01   0.305893999E+05   0.000000000E+00   0.239620148E+03   0.000000000E+00   0.302013286E+03   0.000000000E+00   0.898473362E+02   0.000000000E+00   0.513007642E+03   0.000000000E+00  -0.809977132E+03   0.000000000E+00   0.509741785E+03
   0.384389245E+01   0.369020835E+01   0.400397694E+01   0.305581635E+05   0.000000000E+00   0.277486190E+03   0.000000000E+00   0.272303220E+03   0.000000000E+00   0.366231754E+03   0.000000000E+00  -0.142695860E+03   0.000000000E+00  -0.107029162E+02   0.000000000E+00  -0.316459101E+03
   0.417072839E+01   0.400397694E+01   0.434442444E+01   0.306205842E+05   0.000000000E+00   0.152346363E+03   0.000000000E+00   0.198831045E+03   0.000000000E+00   0.243376760E+03   0.000000000E+00   0.309470720E+01   0.000000000E+00   0.154725183E+03   0.000000000E+00   0.215989230E+03
   0.452535432E+01   0.434442444E+01   0.471381928E+01   0.306371875E+05   0.000000000E+00  -0.372783308E+02   0.000000000E+00   0.213390005E+03   0.000000000E+00  -0.609350011E+02   0.000000000E+00   0.569358552E+02   0.000000000E+00  -0.118742253E+03   0.000000000E+00   0.574445765E+02
   0.491013314E+01   0.471381928E+01   0.511462278E+01   0.306639283E+05   0.000000000E+00   0.417584158E+01   0.000000000E+00   0.711249674E+02   0.000000000E+00   0.270976648E+03   0.000000000E+00   0.185842255E+03   0.000000000E+00  -0.261236300E+02   0.000000000E+00   0.144454071E+03
   0.532762869E+01   0.511462278E+01   0.554950554E+01   0.306603233E+05   0.000000000E+00  -0.429058619E+02   0.000000000E+00   0.172723743E+03   0.000000000E+00   0.777123229E+02   0.000000000E+00   0.105662899E+03   0.000000000E+00   0.781631168E+01   0.000000000E+00   0.225134003E+03
   0.578062277E+01   0.554950554E+01   0.602136522E+01   0.305614368E+05   0.000000000E+00   0.130650140E+03   0.000000000E+00   0.284285557E+02   0.000000000E+00   0.133907758E+03   0.000000000E+00   0.877088059E+02   0.000000000E+00  -0.418442343E+02   0.000000000E+00   0.137238210E+03
   0.627213374E+01   0.602136522E+01   0.653334587E+01   0.305874845E+05   0.000000000E+00   0.735940617E+02   0.000000000E+00   0.711419424E+02   0.000000000E+00   0.156097328E+03   0.000000000E+00   0.494138781E+03   0.000000000E+00  -0.676080808E+02   0.000000000E+00   0.185163052E+03
   0.680543657E+01   0.653334587E+01   0.708885888E+01   0.305693821E+05   0.000000000E+00  -0.865556467E+01   0.000000000E+00   0.258854225E+03   0.000000000E+00  -0.143120931E+02   0.000000000E+00   0.291332849E+03   0.000000000E+00   0.161084685E+03   0.000000000E+00  -0.127156876E+02
   0.738408472E+01   0.708885888E+01   0.769160567E+01   0.305510422E+05   0.000000000E+00  -0.561054758E+02   0.000000000E+00   0.204625722E+02   0.000000000E+00   0.254274928E+02   0.000000000E+00   0.465635266E+02   0.000000000E+00   0.101177324E+03   0.000000000E+00   0.194785177E+03
   0.801193378E+01   0.769160567E+01   0.834560242E+01   0.305594174E+05   0.000000000E+00  -0.291996587E+01   0.000000000E+00   0.151725436E+03   0.000000000E+00  -0.581660296E+02   0.000000000E+00   0.662285274E+02   0.000000000E+00   0.181877353E+03   0.000000000E+00  -0.113869429E+02
   0.869316718E+01   0.834560242E+01   0.905520678E+01   0.305616637E+05   0.000000000E+00   0.282704680E+02   0.000000000E+00   0.960163807E+01   0.000000000E+00   0.157745083E+03   0.000000000E+00   0.563836805E+02   0.000000000E+00  -0.564849964E+02   0.000000000E+00   0.251767173E+03
   0.943232404E+01   0.905520678E+01   0.982514690E+01   0.305160804E+05   0.000000000E+00  -0.272886262E+02   0.000000000E+00   0.132457919E+03   0.000000000E+00  -0.228808927E+02   0.000000000E+00   0.103419804E+03   0.000000000E+00   0.744996134E+02   0.000000000E+00   0.885526499E+02
   0.102343294E+02   0.982514690E+01   0.106605530E+02   0.305305310E+05   0.000000000E+00  -0.263962229E+02   0.000000000E+00   0.111788477E+03   0.000000000E+00   0.383384379E+02   0.000000000E+00   0.645012878E+02   0.000000000E+00   0.227227135E+02   0.000000000E+00   0.171388901E+03
   0.111045272E+02   0.106605530E+02   0.115669914E+02   0.305129846E+05   0.000000000E+00  -0.878414295E+01   0.000000000E+00   0.628328008E+02   0.000000000E+00   0.528866131E+02   0.000000000E+00  -0.391505035E+02   0.000000000E+00  -0.374424519E+02   0.000000000E+00  -0.203771251E+02
   0.120487156E+02   0.115669914E+02   0.125505019E+02   0.304941569E+05   0.000000000E+00   0.714778805E+01   0.000000000E+00   0.630349907E+02   0.000000000E+00   0.556417212E+02   0.000000000E+00   0.814032936E+02   0.000000000E+00   0.111522266E+03   0.000000000E+00   0.619075132E+02
   0.130731858E+02   0.125505019E+02   0.136176377E+02   0.304871065E+05   0.000000000E+00  -0.502666276E+02   0.000000000E+00   0.584850917E+02   0.000000000E+00  -0.886503725E+01   0.000000000E+00   0.773834284E+02   0.000000000E+00   0.133005568E+03   0.000000000E+00   0.765012024E+02
   0.141847640E+02   0.136176377E+02   0.147755091E+02   0.304669655E+05   0.000000000E+00  -0.531812626E+02   0.000000000E+00   0.675425218E+02   0.000000000E+00  -0.296850909E+02   0.000000000E+00   0.694598126E+02   0.000000000E+00   0.155503686E+02   0.000000000E+00   0.100338853E+03
   0.153908567E+02   0.147755091E+02   0.160318313E+02   0.304722246E+05   0.000000000E+00  -0.548049274E+02   0.000000000E+00   0.848512311E+02   0.000000000E+00   0.175393708E+02   0.000000000E+00   0.437737815E+02   0.000000000E+00   0.522584041E+02   0.000000000E+00   0.711985046E+02
   0.166995003E+02   0.160318313E+02   0.173949753E+02   0.304381224E+05   0.000000000E+00  -0.852805192E+02   0.000000000E+00   0.678190716E+02   0.000000000E+00   0.559200889E+02   0.000000000E+00   0.746904480E+02   0.000000000E+00   0.539580203E+02   0.000000000E+00   0.110212798E+03
   0.181194143E+02   0.173949753E+02   0.188740237E+02   0.304274845E+05   0.000000000E+00  -0.128530680E+03   0.000000000E+00   0.991875983E+02   0.000000000E+00   0.413045581E+02   0.000000000E+00   0.552624094E+02   0.000000000E+00   0.146363395E+02   0.000000000E+00  -0.168076647E+02
   0.196600599E+02   0.188740237E+02   0.204788317E+02   0.304267670E+05   0.000000000E+00  -0.143931202E+03   0.000000000E+00   0.116027892E+03   0.000000000E+00   0.370053269E+02   0.000000000E+00   0.330366009E+02   0.000000000E+00   0.907204652E+01   0.000000000E+00   0.409275499E+02
   0.213317024E+02   0.204788317E+02   0.222200922E+02   0.303971012E+05   0.000000000E+00  -0.151767230E+03   0.000000000E+00   0.628348915E+02   0.000000000E+00   0.181113826E+02   0.000000000E+00   0.434736329E+02   0.000000000E+00   0.256317740E+02   0.000000000E+00   0.278561036E+02
   0.231454803E+02   0.222200922E+02   0.241094075E+02   0.303815474E+05   0.000000000E+00  -0.176030879E+03   0.000000000E+00   0.863010766E+02   0.000000000E+00  -0.742856081E+00   0.000000000E+00   0.607978809E+02   0.000000000E+00   0.210925676E+02   0.000000000E+00   0.189475694E+02
   0.251134788E+02   0.241094075E+02   0.261593662E+02   0.303704125E+05   0.000000000E+00  -0.201206017E+03   0.000000000E+00   0.129535407E+03   0.000000000E+00   0.103039660E+02   0.000000000E+00   0.728404878E+02   0.000000000E+00   0.349953011E+02   0.000000000E+00   0.258909944E+02
   0.272488111E+02   0.261593662E+02   0.283836275E+02   0.303487631E+05   0.000000000E+00  -0.215330995E+03   0.000000000E+00   0.108803174E+03   0.000000000E+00  -0.136626375E+00   0.000000000E+00   0.623246115E+02   0.000000000E+00  -0.227070962E+00   0.000000000E+00   0.382310382E+02
   0.295657049E+02   0.283836275E+02   0.307970117E+02   0.303350325E+05   0.000000000E+00  -0.232136665E+03   0.000000000E+00   0.102586667E+03   0.000000000E+00  -0.946385297E+01   0.000000000E+00   0.551001302E+02   0.000000000E+00   0.205567832E+01   0.000000000E+00   0.212944494E+02
   0.320795981E+02   0.307970117E+02   0.334155997E+02   0.303154267E+05   0.000000000E+00  -0.246783987E+03   0.000000000E+00   0.127547543E+03   0.000000000E+00  -0.163002684E+02   0.000000000E+00   0.509170701E+02   0.000000000E+00   0.864092376E+01   0.000000000E+00   0.395629824E+02
   0.348072409E+02   0.334155997E+02   0.362568391E+02   0.302924593E+05   0.000000000E+00  -0.260931082E+03   0.000000000E+00   0.143335257E+03   0.000000000E+00  -0.177546484E+02   0.000000000E+00   0.499979519E+02   0.000000000E+00   0.160766485E+02   0.000000000E+00   0.419035615E+02
   0.377668079E+02   0.362568391E+02   0.393396616E+02   0.302742856E+05   0.000000000E+00  -0.285259462E+03   0.000000000E+00   0.139980856E+03   0.000000000E+00  -0.436156775E+02   0.000000000E+00   0.728240234E+02   0.000000000E+00   0.189714458E+02   0.000000000E+00   0.365834437E+02
   0.409780191E+02   0.393396616E+02   0.426846083E+02   0.302541096E+05   0.000000000E+00  -0.303430390E+03   0.000000000E+00   0.141990956E+03   0.000000000E+00  -0.622265541E+02   0.000000000E+00   0.531410595E+02   0.000000000E+00   0.154886484E+02   0.000000000E+00   0.320907103E+02
   0.444622709E+02   0.426846083E+02   0.463139669E+02   0.302289094E+05   0.000000000E+00  -0.328477439E+03   0.000000000E+00   0.138665741E+03   0.000000000E+00  -0.691799327E+02   0.000000000E+00   0.600205884E+02   0.000000000E+00  -0.664348623E+01   0.000000000E+00   0.422715999E+02
   0.482427794E+02   0.463139669E+02   0.502519202E+02   0.302030396E+05   0.000000000E+00  -0.348802394E+03   0.000000000E+00   0.163546821E+03   0.000000000E+00  -0.667442232E+02   0.000000000E+00   0.728114603E+02   0.000000000E+00   0.409933250E+00   0.000000000E+00   0.419715873E+02
   0.523447345E+02   0.502519202E+02   0.545247072E+02   0.301804360E+05   0.000000000E+00  -0.370797834E+03   0.000000000E+00   0.181674997E+03   0.000000000E+00  -0.711295306E+02   0.000000000E+00   0.795541266E+02   0.000000000E+00  -0.167514899E+02   0.000000000E+00   0.260035450E+02
   0.567954679E+02   0.545247072E+02   0.591607978E+02   0.301527561E+05   0.000000000E+00  -0.393932194E+03   0.000000000E+00   0.201858443E+03   0.000000000E+00  -0.740010967E+02   0.000000000E+00   0.749610380E+02   0.000000000E+00  -0.381162577E+02   0.000000000E+00   0.289944229E+02
   0.616246353E+02   0.591607978E+02   0.641910830E+02   0.301296768E+05   0.000000000E+00  -0.425355206E+03   0.000000000E+00   0.210693974E+03   0.000000000E+00  -0.986895089E+02   0.000000000E+00   0.643944377E+02   0.000000000E+00  -0.503082118E+02   0.000000000E+00   0.406222788E+02
   0.668644140E+02   0.641910830E+02   0.696490798E+02   0.301029534E+05   0.000000000E+00  -0.456725713E+03   0.000000000E+00   0.215218816E+03   0.000000000E+00  -0.112485985E+03   0.000000000E+00   0.727459372E+02   0.000000000E+00  -0.348197994E+02   0.000000000E+00   0.576732158E+02
   0.725497171E+02   0.696490798E+02   0.755711556E+02   0.300759684E+05   0.000000000E+00  -0.498239463E+03   0.000000000E+00   0.227542345E+03   0.000000000E+00  -0.118664340E+03   0.000000000E+00   0.936478506E+02   0.000000000E+00  -0.300760945E+02   0.000000000E+00   0.594926250E+02
   0.787184264E+02   0.755711556E+02   0.819967698E+02   0.300506459E+05   0.000000000E+00  -0.537450394E+03   0.000000000E+00   0.240610692E+03   0.000000000E+00  -0.115497073E+03   0.000000000E+00   0.111872773E+03   0.000000000E+00  -0.472771567E+02   0.000000000E+00   0.497777934E+02
   0.854116446E+02   0.819967698E+02   0.889687368E+02   0.300247456E+05   0.000000000E+00  -0.576332381E+03   0.000000000E+00   0.260961183E+03   0.000000000E+00  -0.119799483E+03   0.000000000E+00   0.105903492E+03   0.000000000E+00  -0.756559517E+02   0.000000000E+00   0.483788328E+02
   0.926739693E+02   0.889687368E+02   0.965335116E+02   0.299987622E+05   0.000000000E+00  -0.612713766E+03   0.000000000E+00   0.272936850E+03   0.000000000E+00  -0.123966878E+03   0.000000000E+00   0.110419360E+03   0.000000000E+00  -0.785278358E+02   0.000000000E+00   0.653186747E+02
   0.100553790E+03   0.965335116E+02   0.104741499E+03   0.299700313E+05   0.000000000E+00  -0.652929973E+03   0.000000000E+00   0.285692558E+03   0.000000000E+00  -0.129652718E+03   0.000000000E+00   0.117760881E+03   0.000000000E+00  -0.790813200E+02   0.000000000E+00   0.779568843E+02
   0.109103611E+03   0.104741499E+03   0.113647390E+03   0.299430526E+05   0.000000000E+00  -0.683229049E+03   0.000000000E+00   0.309097279E+03   0.000000000E+00  -0.131282316E+03   0.000000000E+00   0.132726365E+03   0.000000000E+00  -0.822191236E+02   0.000000000E+00   0.726568249E+02
   0.118380401E+03   0.113647390E+03   0.123310525E+03   0.299148101E+05   0.000000000E+00  -0.713152184E+03   0.000000000E+00   0.328392711E+03   0.000000000E+00  -0.151261704E+03   0.000000000E+00   0.131472056E+03   0.000000000E+00  -0.952871052E+02   0.000000000E+00   0.746360552E+02
   0.128445971E+03   0.123310525E+03   0.133795290E+03   0.298806883E+05   0.000000000E+00  -0.746398514E+03   0.000000000E+00   0.318435325E+03   0.000000000E+00  -0.183933716E+03   0.000000000E+00   0.123394004E+03   0.000000000E+00  -0.890613933E+02   0.000000000E+00   0.960085558E+02
   0.139367390E+03   0.133795290E+03   0.145171548E+03   0.298361436E+05   0.000000000E+00  -0.784905818E+03   0.000000000E+00   0.294712016E+03   0.000000000E+00  -0.211073592E+03   0.000000000E+00   0.144338338E+03   0.000000000E+00  -0.722408902E+02   0.000000000E+00   0.107902573E+03
   0.151217428E+03   0.145171548E+03   0.157515098E+03   0.297791202E+05   0.000000000E+00  -0.806307735E+03   0.000000000E+00   0.266810957E+03   0.000000000E+00  -0.209136765E+03   0.000000000E+00   0.181302321E+03   0.000000000E+00  -0.701056537E+02   0.000000000E+00   0.903589102E+02
   0.164075043E+03   0.157515098E+03   0.170908187E+03   0.297033297E+05   0.000000000E+00  -0.806948005E+03   0.000000000E+00   0.228296536E+03   0.000000000E+00  -0.209139472E+03   0.000000000E+00   0.208441628E+03   0.000000000E+00  -0.110722455E+03   0.000000000E+00   0.721769280E+02
   0.178025907E+03   0.170908187E+03   0.185440055E+03   0.296019185E+05   0.000000000E+00  -0.807196472E+03   0.000000000E+00   0.165405616E+03   0.000000000E+00  -0.241685966E+03   0.000000000E+00   0.221604008E+03   0.000000000E+00  -0.140745352E+03   0.000000000E+00   0.939245463E+02
   0.193162976E+03   0.185440055E+03   0.201207530E+03   0.294773854E+05   0.000000000E+00  -0.819365113E+03   0.000000000E+00   0.112699405E+03   0.000000000E+00  -0.282999568E+03   0.000000000E+00   0.252421746E+03   0.000000000E+00  -0.136323164E+03   0.000000000E+00   0.117184507E+03
   0.209587110E+03   0.201207530E+03   0.218315670E+03   0.293309524E+05   0.000000000E+00  -0.862829810E+03   0.000000000E+00   0.686976239E+02   0.000000000E+00  -0.334324081E+03   0.000000000E+00   0.266333486E+03   0.000000000E+00  -0.135694562E+03   0.000000000E+00   0.122632896E+03
   0.227407744E+03   0.218315670E+03   0.236878470E+03   0.291568653E+05   0.000000000E+00  -0.968311004E+03   0.000000000E+00   0.287120918E+01   0.000000000E+00  -0.396541956E+03   0.000000000E+00   0.248058077E+03   0.000000000E+00  -0.139279298E+03   0.000000000E+00   0.146844431E+03
   0.246743619E+03   0.236878470E+03   0.257019616E+03   0.289489243E+05   0.000000000E+00  -0.115382384E+04   0.000000000E+00  -0.865437630E+02   0.000000000E+00  -0.436042434E+03   0.000000000E+00   0.246505210E+03   0.000000000E+00  -0.129888586E+03   0.000000000E+00   0.192721910E+03
   0.267723572E+03   0.257019616E+03   0.278873309E+03   0.287118207E+05   0.000000000E+00  -0.142803526E+04   0.000000000E+00  -0.159460581E+03   0.000000000E+00  -0.425122245E+03   0.000000000E+00   0.274811844E+03   0.000000000E+00  -0.151731109E+03   0.000000000E+00   0.186902518E+03
   0.290487394E+03   0.278873309E+03   0.302585164E+03   0.284482056E+05   0.000000000E+00  -0.184010640E+04   0.000000000E+00  -0.220887930E+03   0.000000000E+00  -0.410393844E+03   0.000000000E+00   0.280059912E+03   0.000000000E+00  -0.209871049E+03   0.000000000E+00   0.178066899E+03
   0.315186764E+03   0.302585164E+03   0.328313175E+03   0.281608014E+05   0.000000000E+00  -0.242731407E+04   0.000000000E+00  -0.277321371E+03   0.000000000E+00  -0.376572067E+03   0.000000000E+00   0.253591414E+03   0.000000000E+00  -0.253492117E+03   0.000000000E+00   0.185512826E+03
   0.341986255E+03   0.328313175E+03   0.356228770E+03   0.278363862E+05   0.000000000E+00  -0.319342538E+04   0.000000000E+00  -0.358130449E+03   0.000000000E+00  -0.281271620E+03   0.000000000E+00   0.214861540E+03   0.000000000E+00  -0.263705489E+03   0.000000000E+00   0.224672538E+03
   0.371064436E+03   0.356228770E+03   0.386517954E+03   0.274552078E+05   0.000000000E+00  -0.412275764E+04   0.000000000E+00  -0.479141947E+03   0.000000000E+00  -0.123816858E+03   0.000000000E+00   0.168823220E+03   0.000000000E+00  -0.297438779E+03   0.000000000E+00   0.238488534E+03
   0.402615057E+03   0.386517954E+03   0.419382547E+03   0.269859157E+05   0.000000000E+00  -0.520124795E+04   0.000000000E+00  -0.659901013E+03   0.000000000E+00   0.753307189E+02   0.000000000E+00   0.130512317E+03   0.000000000E+00  -0.325132527E+03   0.000000000E+00   0.251746003E+03
   0.436848343E+03   0.419382547E+03   0.455041528E+03   0.263941590E+05   0.000000000E+00  -0.640229529E+04   0.000000000E+00  -0.887869084E+03   0.000000000E+00   0.297022451E+03   0.000000000E+00   0.103795141E+03   0.000000000E+00  -0.343304692E+03   0.000000000E+00   0.239540132E+03
   0.473992395E+03   0.455041528E+03   0.493732498E+03   0.256472597E+05   0.000000000E+00  -0.772624912E+04   0.000000000E+00  -0.113866595E+04   0.000000000E+00   0.504048533E+03   0.000000000E+00   0.798594724E+02   0.000000000E+00  -0.322007284E+03   0.000000000E+00   0.228793267E+03
   0.514294706E+03   0.493732498E+03   0.535713257E+03   0.247179839E+05   0.000000000E+00  -0.914861142E+04   0.000000000E+00  -0.135567848E+04   0.000000000E+00   0.724707615E+03   0.000000000E+00   0.404579002E+02   0.000000000E+00  -0.250363177E+03   0.000000000E+00   0.188864802E+03
   0.558023816E+03   0.535713257E+03   0.581263529E+03   0.235760330E+05   0.000000000E+00  -0.106642864E+05   0.000000000E+00  -0.154236878E+04   0.000000000E+00   0.939898258E+03   0.000000000E+00  -0.744046163E+02   0.000000000E+00  -0.161131487E+03   0.000000000E+00   0.172971568E+03
   0.605471095E+03   0.581263529E+03   0.630686820E+03   0.222065527E+05   0.000000000E+00  -0.122556105E+05   0.000000000E+00  -0.165266214E+04   0.000000000E+00   0.116072499E+04   0.000000000E+00  -0.216509679E+03   0.000000000E+00  -0.824115260E+02   0.000000000E+00   0.171459470E+03
   0.656952690E+03   0.630686820E+03   0.684312441E+03   0.206018465E+05   0.000000000E+00  -0.139447178E+05   0.000000000E+00  -0.168261817E+04   0.000000000E+00   0.132629314E+04   0.000000000E+00  -0.373069650E+03   0.000000000E+00  -0.113416423E+02   0.000000000E+00   0.170447881E+03
   0.712811628E+03   0.684312441E+03   0.742497706E+03   0.187728593E+05   0.000000000E+00  -0.156889895E+05   0.000000000E+00  -0.155680942E+04   0.000000000E+00   0.150052202E+04   0.000000000E+00  -0.460848467E+03   0.000000000E+00   0.110255879E+03   0.000000000E+00   0.120849760E+03
   0.773420103E+03   0.742497706E+03   0.805630308E+03   0.167568622E+05   0.000000000E+00  -0.173530569E+05   0.000000000E+00  -0.111950612E+04   0.000000000E+00   0.181189579E+04   0.000000000E+00  -0.389536161E+03   0.000000000E+00   0.337410988E+03   0.000000000E+00   0.999212474E+02
   0.839181955E+03   0.805630308E+03   0.874130909E+03   0.147260483E+05   0.000000000E+00  -0.182186339E+05   0.000000000E+00   0.459864774E+03   0.000000000E+00   0.293555200E+04   0.000000000E+00   0.103532192E+03   0.000000000E+00   0.549618152E+03   0.000000000E+00  -0.215941819E+03
   0.910535362E+03   0.874130909E+03   0.948455932E+03   0.127714899E+05   0.000000000E+00  -0.180362897E+05   0.000000000E+00   0.273232186E+04   0.000000000E+00   0.373294081E+04   0.000000000E+00  -0.491008002E+03   0.000000000E+00  -0.288099471E+03   0.000000000E+00  -0.777320492E+03
   0.987955760E+03   0.948455932E+03   0.102910061E+04   0.108649856E+05   0.000000000E+00  -0.169531788E+05   0.000000000E+00   0.474302696E+04   0.000000000E+00   0.350214054E+04   0.000000000E+00  -0.185286589E+04   0.000000000E+00  -0.706436224E+03   0.000000000E+00  -0.170027679E+03
   0.107195901E+04   0.102910061E+04   0.111660230E+04   0.898221550E+04   0.000000000E+00  -0.151179997E+05   0.000000000E+00   0.600655718E+04   0.000000000E+00   0.247810724E+04   0.000000000E+00  -0.291108867E+04   0.000000000E+00  -0.139839997E+03   0.000000000E+00   0.713054881E+03
   0.116310483E+04   0.111660230E+04   0.121154402E+04   0.717091458E+04   0.000000000E+00  -0.128178129E+05   0.000000000E+00   0.647669796E+04   0.000000000E+00   0.109868884E+04   0.000000000E+00  -0.313868652E+04   0.000000000E+00   0.833623983E+03   0.000000000E+00   0.906950981E+03
   0.126200053E+04   0.121154402E+04   0.131455838E+04   0.552476020E+04   0.000000000E+00  -0.103792334E+05   0.000000000E+00   0.627590691E+04   0.000000000E+00  -0.177770599E+03   0.000000000E+00  -0.267270478E+04   0.000000000E+00   0.161965597E+04   0.000000000E+00   0.359666475E+03
   0.136930508E+04   0.131455838E+04   0.142633178E+04   0.412948344E+04   0.000000000E+00  -0.808848769E+04   0.000000000E+00   0.561875438E+04   0.000000000E+00  -0.108187074E+04   0.000000000E+00  -0.186302611E+04   0.000000000E+00   0.190340758E+04   0.000000000E+00  -0.377016012E+03
   0.148573344E+04   0.142633178E+04   0.154760898E+04   0.306953811E+04   0.000000000E+00  -0.623218271E+04   0.000000000E+00   0.484713958E+04   0.000000000E+00  -0.163866460E+04   0.000000000E+00  -0.986323242E+03   0.000000000E+00   0.171517326E+04   0.000000000E+00  -0.893018028E+03
   0.161206140E+04   0.154760898E+04   0.167919805E+04   0.236103428E+04   0.000000000E+00  -0.494438302E+04   0.000000000E+00   0.421799684E+04   0.000000000E+00  -0.195647175E+04   0.000000000E+00  -0.264320085E+03   0.000000000E+00   0.134078966E+04   0.000000000E+00  -0.113506622E+04
   0.174913069E+04   0.167919805E+04   0.182197579E+04   0.191579235E+04   0.000000000E+00  -0.410905384E+04   0.000000000E+00   0.375243013E+04   0.000000000E+00  -0.209954933E+04   0.000000000E+00   0.230998383E+03   0.000000000E+00   0.965791867E+03   0.000000000E+00  -0.116803515E+04
   0.189785462E+04   0.182197579E+04   0.197689354E+04   0.160178619E+04   0.000000000E+00  -0.349924353E+04   0.000000000E+00   0.336198577E+04   0.000000000E+00  -0.212981378E+04   0.000000000E+00   0.570600608E+03   0.000000000E+00   0.615382991E+03   0.000000000E+00  -0.106037540E+04
   0.205922414E+04   0.197689354E+04   0.214498353E+04   0.134830347E+04   0.000000000E+00  -0.298782586E+04   0.000000000E+00   0.298357926E+04   0.000000000E+00  -0.206268372E+04   0.000000000E+00   0.780777838E+03   0.000000000E+00   0.317849272E+03   0.000000000E+00  -0.883611957E+03
   0.223431449E+04   0.214498353E+04   0.232736577E+04   0.111345477E+04   0.000000000E+00  -0.249202703E+04   0.000000000E+00   0.255450795E+04   0.000000000E+00  -0.186643704E+04   0.000000000E+00   0.833253208E+03   0.000000000E+00   0.128084702E+03   0.000000000E+00  -0.714474092E+03
   0.242429230E+04   0.232736577E+04   0.252525548E+04   0.851686989E+03   0.000000000E+00  -0.191464975E+04   0.000000000E+00   0.198452193E+04   0.000000000E+00  -0.148003219E+04   0.000000000E+00   0.690855577E+03   0.000000000E+00   0.757962005E+02   0.000000000E+00  -0.580556847E+03
   0.263042342E+04   0.252525548E+04   0.273997123E+04   0.547481464E+03   0.000000000E+00  -0.122958121E+04   0.000000000E+00   0.126988158E+04   0.000000000E+00  -0.935734144E+03   0.000000000E+00   0.413043844E+03   0.000000000E+00   0.977654732E+02   0.000000000E+00  -0.436342519E+03
   0.285408132E+04   0.273997123E+04   0.297294369E+04   0.255883596E+03   0.000000000E+00  -0.571249646E+03   0.000000000E+00   0.580087740E+03   0.000000000E+00  -0.410436423E+03   0.000000000E+00   0.155703822E+03   0.000000000E+00   0.838770819E+02   0.000000000E+00  -0.230171699E+03
   0.309675626E+04   0.297294369E+04   0.322572518E+04   0.680642736E+02   0.000000000E+00  -0.152249221E+03   0.000000000E+00   0.155854366E+03   0.000000000E+00  -0.113677230E+03   0.000000000E+00   0.510021283E+02   0.000000000E+00   0.602006848E+01   0.000000000E+00  -0.383410851E+02
   0.336006520E+04   0.322572518E+04   0.350000000E+04   0.675925752E+01   0.000000000E+00  -0.158141596E+02   0.000000000E+00   0.182605847E+02   0.000000000E+00  -0.171244807E+02   0.000000000E+00   0.138556400E+02   0.000000000E+00  -0.991053612E+01   0.000000000E+00   0.651035200E+01
