# k     P0     P2     P4
# Pshot=6200.509507431418
# wnorm=3.909854381855327
# alpha1=0.04994525996580778
# alpha2=0.04994525996580778
7.489519112849040913e-03 1.952401262639582637e+04 9.001106148718536133e+03 -9.805789754526414015e+01
1.606577831472411760e-02 2.600776473087964405e+04 1.547471412468158451e+04 -2.631513100741543099e+01
2.566305929284705065e-02 2.331503713329351740e+04 1.448708290812464475e+04 6.590568704285423109e+02
3.547406197596878613e-02 1.891504213370114667e+04 1.175214458631511297e+04 2.472737095368691200e+02
4.536407469901365674e-02 1.518433434679935272e+04 9.415320578187909632e+03 4.029074764263397128e+02
5.529813676913161724e-02 1.280506408662877220e+04 7.715729419962986867e+03 3.781547609014132831e+02
6.525906970170512744e-02 1.116748282777214081e+04 6.610993643123773836e+03 2.835654484195541727e+02
7.522583763018984848e-02 9.644117414983153139e+03 5.570251126595717324e+03 2.366741803313779542e+02
8.520013409482914135e-02 8.034093376234420248e+03 4.511716565277472000e+03 2.841850592604583881e+02
9.517892595161110691e-02 6.644075217299627184e+03 3.624066177832522953e+03 1.668463375070433301e+02
1.051667122353206613e-01 5.701833968016269864e+03 2.974986413894802354e+03 2.062481929485719832e+02
1.151525497149245986e-01 5.084494353639984183e+03 2.622316265785835640e+03 1.359903611882880625e+02
1.251382427907392347e-01 4.605383547004536922e+03 2.308972064055679311e+03 2.256504128302059939e+02
1.351288343039163120e-01 4.131433692191971204e+03 1.997125834845759300e+03 1.824746243572235187e+02
1.451149978574327870e-01 3.666379075001733781e+03 1.737065224016675757e+03 1.414719599404705264e+02
1.551096551384889277e-01 3.250570931984931576e+03 1.499182729733667429e+03 1.195888835394845273e+02
1.651060891713686252e-01 2.923190751030052525e+03 1.324482941669232105e+03 1.501592307592479472e+02
1.750993520362841560e-01 2.671238065875774282e+03 1.175513501769302138e+03 1.156348549105466930e+02
1.850917299221912782e-01 2.467466603057835982e+03 1.022750466342681079e+03 1.290835555805802244e+02
1.950858372611871949e-01 2.275089932497244263e+03 8.908850927323462656e+02 1.092520892652173785e+02
2.050847103204223310e-01 2.100039979026491437e+03 8.116673826799153630e+02 1.109601998915254484e+02
2.150791300603901723e-01 1.920172913482721469e+03 7.095857770766860995e+02 7.483957369657028380e+01
2.250737298340859671e-01 1.783330095299686036e+03 6.250538858911962734e+02 8.714554090923327578e+01
2.350712478192618915e-01 1.658596411985475925e+03 5.628344040259041776e+02 8.161014380402735924e+01
2.450684092287588878e-01 1.546006083701300668e+03 4.894111077385974795e+02 1.006383349619026433e+02
2.550643278764201938e-01 1.444428957384124033e+03 4.280747532999055238e+02 7.892602353942596949e+01
2.650619011823764914e-01 1.354088498704241147e+03 3.809957023464458530e+02 7.936212284968790698e+01
2.750591448975683861e-01 1.275203325705530460e+03 3.472693488409531142e+02 8.061608672988384683e+01
2.850551117562060699e-01 1.200534737334446845e+03 2.991073634563571773e+02 7.544714026462612821e+01
2.950567117222437918e-01 1.129618829657804326e+03 2.442543359644476197e+02 6.783561190487075976e+01
