# k     Q0     Q2
# Pshot=13224.289784870569
# wnorm=5.4967315639063505
# alpha1=0.05001692603503642
# alpha2=0.05001692603503642
7.489519112849040913e-03 6.664898921222612262e+04 9.794917182550450889e+03
1.606577831472411760e-02 7.864453642835305072e+04 2.361413001518730016e+04
2.566305929284705065e-02 7.065625271609949414e+04 2.506504572001071574e+04
3.547406197596878613e-02 5.651987320282631117e+04 2.070099078332768840e+04
4.536407469901365674e-02 4.519648356497313216e+04 1.678151252656070210e+04
5.529813676913161724e-02 3.790869055955840304e+04 1.377501144890216528e+04
6.525906970170512744e-02 3.299590954056955525e+04 1.151068057350978415e+04
7.522583763018984848e-02 2.840601793241619816e+04 9.678947804732601071e+03
8.520013409482914135e-02 2.373032134124026197e+04 8.123186181189232229e+03
9.517892595161110691e-02 1.974227966079807447e+04 6.842888142443873221e+03
1.051667122353206613e-01 1.693215027119806473e+04 5.823773834016832552e+03
1.151525497149245986e-01 1.503076681336059664e+04 5.031390022268043140e+03
1.251382427907392347e-01 1.357813079072316941e+04 4.354126111434959967e+03
1.351288343039163120e-01 1.221767024499320723e+04 3.806443597654403675e+03
1.451149978574327870e-01 1.086129420604477309e+04 3.369494215362921295e+03
1.551096551384889277e-01 9.654358624977503496e+03 2.985927764249192933e+03
1.651060891713686252e-01 8.688399844015120834e+03 2.698404552405768754e+03
1.750993520362841560e-01 7.932420097363693458e+03 2.412487421282449304e+03
1.850917299221912782e-01 7.280876123205697695e+03 2.117548990386614150e+03
1.950858372611871949e-01 6.689451854045542859e+03 1.860697593504275574e+03
2.050847103204223310e-01 6.151845839590301694e+03 1.681696657604149550e+03
2.150791300603901723e-01 5.644698707069307602e+03 1.498748432736684208e+03
2.250737298340859671e-01 5.203239934156258641e+03 1.352543407200903403e+03
2.350712478192618915e-01 4.809071907937625838e+03 1.192996752448511188e+03
2.450684092287588878e-01 4.470362155537606668e+03 1.038609669071909821e+03
2.550643278764201938e-01 4.160374463531643414e+03 9.359174688061568759e+02
2.650619011823764914e-01 3.874066103521828609e+03 8.045228780675092821e+02
2.750591448975683861e-01 3.606875936455769079e+03 7.124871061625112816e+02
2.850551117562060699e-01 3.367988895627489001e+03 6.214389689763598881e+02
2.950567117222437918e-01 3.148553268538253633e+03 5.328309929677254786e+02
