# k     P0     P2     P4
# Pshot=0.0
# wnorm=0.7196548750685213
# alpha1=0.05001692603503642
# alpha2=0.04995346348239551
7.489519112849040913e-03 3.153946970899481312e+04 1.467986299373329530e+04 -2.288991085790362376e+03
1.606577831472411760e-02 4.492920170942821278e+04 2.606522555758135422e+04 1.611406911787503532e+03
2.566305929284705065e-02 3.914566614118024154e+04 2.152542411831435675e+04 1.701932471660821193e+03
3.547406197596878613e-02 3.042817997042183561e+04 1.698160292857511740e+04 4.926530286716094054e+01
4.536407469901365674e-02 2.394817874023624245e+04 1.334435363969976424e+04 1.223129157473992791e+03
5.529813676913161724e-02 1.978175603590645915e+04 1.067521523256934597e+04 9.104201745634424014e+02
6.525906970170512744e-02 1.720554828460011413e+04 9.189942892734638008e+03 4.958662251614121033e+02
7.522583763018984848e-02 1.472568511935603419e+04 7.804379612064960384e+03 3.635579701948065008e+02
8.520013409482914135e-02 1.204335875429623411e+04 6.393778042204588019e+03 5.901980760059263957e+02
9.517892595161110691e-02 9.682987169793366775e+03 5.142216600600400852e+03 2.855461242018105281e+02
1.051667122353206613e-01 8.140832220172335838e+03 4.309908268586094891e+03 3.183356103465783349e+02
1.151525497149245986e-01 7.172298453361913744e+03 3.789260183070591211e+03 1.841437976814293904e+02
1.251382427907392347e-01 6.462195124579568983e+03 3.274507379445748938e+03 2.151878539572554985e+02
1.351288343039163120e-01 5.717095207844002289e+03 2.811108143290413409e+03 2.168903440027697513e+02
1.451149978574327870e-01 4.978914493458641118e+03 2.481203623755925037e+03 3.014758395801487723e+02
1.551096551384889277e-01 4.284801525649912946e+03 2.203016183443237423e+03 2.234775361340787754e+02
1.651060891713686252e-01 3.798474947824373430e+03 1.928264846779562731e+03 2.055626485250126905e+02
1.750993520362841560e-01 3.385422174055192045e+03 1.695259511216216879e+03 2.159007556076772119e+02
1.850917299221912782e-01 3.095382967965477746e+03 1.495844390010139250e+03 1.636209617422511542e+02
1.950858372611871949e-01 2.813017459291622345e+03 1.331956547687000239e+03 1.934973569558727036e+02
2.050847103204223310e-01 2.531657278458143537e+03 1.189297457274509725e+03 1.664338092779800320e+02
2.150791300603901723e-01 2.272305529578160076e+03 1.060481556054934345e+03 1.746941696000736499e+02
2.250737298340859671e-01 2.052334608655170086e+03 9.521070259370621898e+02 1.365483997575436774e+02
2.350712478192618915e-01 1.868161916818569580e+03 8.617626337474715683e+02 1.587096979529411840e+02
2.450684092287588878e-01 1.715857059223057377e+03 7.886736263376826628e+02 1.410123928280774805e+02
2.550643278764201938e-01 1.563783762925073233e+03 7.018967232536074334e+02 1.333411006079888637e+02
2.650619011823764914e-01 1.440973629540982529e+03 6.271905392248573889e+02 1.491217140652672413e+02
2.750591448975683861e-01 1.317448942013709711e+03 5.633767338700697564e+02 1.098595524491544779e+02
2.850551117562060699e-01 1.204577513812532061e+03 5.098420609211186729e+02 1.114897259219379606e+02
2.950567117222437918e-01 1.115676467083267880e+03 4.325468255128373585e+02 8.655839563738507536e+01
