# k     Q0     Q2
# Pshot=0.0
# wnorm=0.7196548750685213
# alpha1=0.05001692603503642
# alpha2=0.04995346348239551
7.489519112849040913e-03 3.741141490648811305e+04 1.298431404129597468e+04
1.606577831472411760e-02 5.535529193246082286e+04 2.725886030705356097e+04
2.566305929284705065e-02 4.775583578850601043e+04 2.278611483806314573e+04
3.547406197596878613e-02 3.722082114185186219e+04 1.701809574551372862e+04
4.536407469901365674e-02 2.928592019611613068e+04 1.425037523782864628e+04
5.529813676913161724e-02 2.405184212893417134e+04 1.134960054706080882e+04
6.525906970170512744e-02 2.088152544169396060e+04 9.557251207669030919e+03
7.522583763018984848e-02 1.784743696418200125e+04 8.073681812209275449e+03
8.520013409482914135e-02 1.460086997117806095e+04 6.830961802208984409e+03
9.517892595161110691e-02 1.173987381003352129e+04 5.353732248157301001e+03
1.051667122353206613e-01 9.864795527606782343e+03 4.545712424398374424e+03
1.151525497149245986e-01 8.688002526590147681e+03 3.925662996167946403e+03
1.251382427907392347e-01 7.771998076357856917e+03 3.433905789784454100e+03
1.351288343039163120e-01 6.841538465160164378e+03 2.971767657366540334e+03
1.451149978574327870e-01 5.971395942961013134e+03 2.704519060481955421e+03
1.551096551384889277e-01 5.166007999027217920e+03 2.368555099098111896e+03
1.651060891713686252e-01 4.569780886536198523e+03 2.080533475316610293e+03
1.750993520362841560e-01 4.063525978541677887e+03 1.855185996851529580e+03
1.850917299221912782e-01 3.693720723969536721e+03 1.617045102411806965e+03
1.950858372611871949e-01 3.345800078366421985e+03 1.475287923209867586e+03
2.050847103204223310e-01 3.007376261367942334e+03 1.312581760443385519e+03
2.150791300603901723e-01 2.696498152000134269e+03 1.189884644647579307e+03
2.250737298340859671e-01 2.433177419029998418e+03 1.053253988720427742e+03
2.350712478192618915e-01 2.212866970317556024e+03 9.793253729718717295e+02
2.450684092287588878e-01 2.031326509758131351e+03 8.931272506547771854e+02
2.550643278764201938e-01 1.844542452226516389e+03 8.006679088891547735e+02
2.650619011823764914e-01 1.691849845230922938e+03 7.376510681620925425e+02
2.750591448975683861e-01 1.542799635561738114e+03 6.447541801287029557e+02
2.850551117562060699e-01 1.408514338180976893e+03 5.924270430855179939e+02
2.950567117222437918e-01 1.288695197288405325e+03 4.966641556146043399e+02
