# k     P0     P2     P4
# Pshot=0.0
# wnorm=1.1572276044284722
# alpha1=0.050151088147541885
# alpha2=0.05002521685764392
7.489519112849040913e-03 3.248672769850697659e+04 1.177472306369464241e+04 -9.160616205917710886e+02
1.606577831472411760e-02 4.198730941093921865e+04 2.190985482809002497e+04 1.841627898668619423e+02
2.566305929284705065e-02 3.726611492575323064e+04 1.895484267710680797e+04 2.336596863592071998e+02
3.547406197596878613e-02 2.982269446243311540e+04 1.603143739988482048e+04 6.225108114023222470e+02
4.536407469901365674e-02 2.341976946330469946e+04 1.276994939998918562e+04 4.326580867415767671e+02
5.529813676913161724e-02 1.943796226778768323e+04 1.026966261317035060e+04 5.242085530755820173e+02
6.525906970170512744e-02 1.688772641665759511e+04 8.811978695951393092e+03 3.602681650476197888e+02
7.522583763018984848e-02 1.443670061089637420e+04 7.527474776603170540e+03 3.295288489179835096e+02
8.520013409482914135e-02 1.181629044619547676e+04 6.029111298077788888e+03 2.594022636469845793e+02
9.517892595161110691e-02 9.602071660265946775e+03 4.907260486617052266e+03 2.438403238386515284e+02
1.051667122353206613e-01 8.114408984411461461e+03 4.179330632023972612e+03 2.486554853739842770e+02
1.151525497149245986e-01 7.103336702065297686e+03 3.511966139963268688e+03 2.801714600404153543e+02
1.251382427907392347e-01 6.374281477306421039e+03 3.128004985352888980e+03 2.852099907498254083e+02
1.351288343039163120e-01 5.666479077308251362e+03 2.706283306811322745e+03 2.177987111945958532e+02
1.451149978574327870e-01 4.911658893208635163e+03 2.388533451035632879e+03 2.297222592900625955e+02
1.551096551384889277e-01 4.275530902946009519e+03 2.112920294635585378e+03 2.089138762371021016e+02
1.651060891713686252e-01 3.749698759182102549e+03 1.841144886937362344e+03 1.710369906904799961e+02
1.750993520362841560e-01 3.375756649192987425e+03 1.634438577319416027e+03 1.756052465579238913e+02
1.850917299221912782e-01 3.077987099196374857e+03 1.439126127842723463e+03 1.584197620063872307e+02
1.950858372611871949e-01 2.787962063886013311e+03 1.284853950772058397e+03 1.830875610037830938e+02
2.050847103204223310e-01 2.513649339130010958e+03 1.139922144184743956e+03 1.514050681179863318e+02
2.150791300603901723e-01 2.259816897642367167e+03 1.035451972117111154e+03 1.281606229185288726e+02
2.250737298340859671e-01 2.041886939454639560e+03 9.674907523580618545e+02 1.443512239939856556e+02
2.350712478192618915e-01 1.851833799603122770e+03 8.464517081093017623e+02 1.467022637873617157e+02
2.450684092287588878e-01 1.692724708217590432e+03 7.482881336698178529e+02 1.187975975340935122e+02
2.550643278764201938e-01 1.558421490447697806e+03 6.921516272610684837e+02 1.078177135019030715e+02
2.650619011823764914e-01 1.431372398677352294e+03 6.151045789676215918e+02 1.132678854662963772e+02
2.750591448975683861e-01 1.304301925386653238e+03 5.467629435744928514e+02 1.104054939588704514e+02
2.850551117562060699e-01 1.197973467744793652e+03 4.906868851236131377e+02 9.833838020548431302e+01
2.950567117222437918e-01 1.106784145119720051e+03 4.404407366102089441e+02 9.341190545506468368e+01
