# k     Q0     Q2
# Pshot=6060.377066055971
# wnorm=3.9358087155176578
# alpha1=0.050006654928898976
# alpha2=0.050006654928898976
7.489519112849040913e-03 2.175891904630705176e+04 5.119992848421867166e+03
1.606577831472411760e-02 2.850968757212497803e+04 1.229155391938051616e+04
2.566305929284705065e-02 2.632307453844204065e+04 1.170572772679850641e+04
3.547406197596878613e-02 2.202200607640863018e+04 1.013559108235671192e+04
4.536407469901365674e-02 1.802684304769646769e+04 8.316253800939797657e+03
5.529813676913161724e-02 1.526597388881368352e+04 6.981295370675421509e+03
6.525906970170512744e-02 1.336291681712536410e+04 6.149567854379367418e+03
7.522583763018984848e-02 1.158965514270243693e+04 5.351350531878983020e+03
8.520013409482914135e-02 9.603429073551840702e+03 4.134650365060158038e+03
9.517892595161110691e-02 8.030538284347448098e+03 3.378898377365087072e+03
1.051667122353206613e-01 6.840980942322835290e+03 2.808346872555237951e+03
1.151525497149245986e-01 6.087778107585448197e+03 2.521879736356044759e+03
1.251382427907392347e-01 5.499909739343655019e+03 2.242327155316029348e+03
1.351288343039163120e-01 4.927655041303215512e+03 1.962575903294509089e+03
1.451149978574327870e-01 4.351001047825854585e+03 1.718831548708503760e+03
1.551096551384889277e-01 3.848218243014755444e+03 1.496480007617979936e+03
1.651060891713686252e-01 3.460265315358731186e+03 1.339247230640148018e+03
1.750993520362841560e-01 3.138565121478111905e+03 1.178063333344724469e+03
1.850917299221912782e-01 2.881489244303051692e+03 1.038430213687383230e+03
1.950858372611871949e-01 2.648785472319834753e+03 9.337443628846572210e+02
2.050847103204223310e-01 2.421140863055597038e+03 8.309649885287835787e+02
2.150791300603901723e-01 2.217093066297839869e+03 7.375523285355602638e+02
2.250737298340859671e-01 2.039326740681007550e+03 6.639419231344519403e+02
2.350712478192618915e-01 1.887427857834110227e+03 5.922650617501479928e+02
2.450684092287588878e-01 1.748788753365265848e+03 5.234945261870631157e+02
2.550643278764201938e-01 1.625399850728404999e+03 4.691723726927441476e+02
2.650619011823764914e-01 1.517082796180127843e+03 4.321304040371346105e+02
2.750591448975683861e-01 1.415118652516766815e+03 3.769413113272410669e+02
2.850551117562060699e-01 1.314112465541234769e+03 3.164745631205097993e+02
2.950567117222437918e-01 1.231354410814227094e+03 2.682262033974989208e+02
